  -1.00000000000000        4.82055328060556D-009
 -0.973132176631419        8.43075624678719D-002
 -0.910879995915574       0.276335225959168     
 -0.815696251221770       0.547193312886493     
 -0.691028980627685       0.825259243777991     
 -0.541385399330102       0.991559810765675     
 -0.372174433565477       0.920446181751474     
 -0.189511973518317       0.560814654166156     
   0.00000000000000D+000   2.57813378050059D-010
  0.189511973518317      -0.560814701118132     
  0.372174433565477      -0.920449162056781     
  0.541385399330102      -0.991611747408828     
  0.691028980627685      -0.825681020347558     
  0.815696251221770      -0.549143318257642     
  0.910879995915574      -0.282004729900955     
  0.973132176631419       -9.52517123257613D-002
   1.00000000000000       -1.44076184407142D-002
