  1.551177480564993E-004  0.666721896502021      -0.520106641979155     
  7.942715726030202E-004  0.668636078511688      -0.514242310112945     
  1.853389023764340E-003  0.671797873727928      -0.504555629607815     
  3.189708427751368E-003  0.675768457297833      -0.492390851401894     
  4.622791572248632E-003  0.680002161629206      -0.479419634541747     
  5.959110976235660E-003  0.683926096523627      -0.467397190933504     
  7.018228427396980E-003  0.687018928896698      -0.457920930385735     
  7.657382251943501E-003  0.688877799191806      -0.452225366305829     
  7.967617748056498E-003  0.689777962229809      -0.449467248298552     
  8.606771572603020E-003  0.691628087187043      -0.443798374364329     
  9.665889023764340E-003  0.694680503489660      -0.434445460847345     
  1.100220842775137E-002  0.698507294952277      -0.422719492717366     
  1.243529157224863E-002  0.702579572178651      -0.410240942463571     
  1.377161097623566E-002  0.706346196576986      -0.398698639005543     
  1.483072842739698E-002  0.709309670904565      -0.389617228185133     
  1.546988225194350E-002  0.711088464779657      -0.384166098558116     
  1.578011774805650E-002  0.711949212400996      -0.381528299643444     
  1.641927157260302E-002  0.713717002139878      -0.376110767451038     
  1.747838902376434E-002  0.716629622482593      -0.367184622267303     
  1.881470842775137E-002  0.720274021701677      -0.356015492999246     
  2.024779157224863E-002  0.724143213258933      -0.344156999214003     
  2.158411097623566E-002  0.727713447991141      -0.333214346853413     
  2.264322842739698E-002  0.730516439379223      -0.324622977256722     
  2.328238225194350E-002  0.732196311230290      -0.319473921627075     
  2.359261774805650E-002  0.733008479615023      -0.316984470219866     
  2.423177157260302E-002  0.734675021539896      -0.311876127303658     
  2.529088902376434E-002  0.737416411482981      -0.303472903039920     
  2.662720842775137E-002  0.740838595627583      -0.292982432781360     
  2.806029157224863E-002  0.744461808347782      -0.281875219710411     
  2.939661097623566E-002  0.747795495602091      -0.271655086098434     
  3.045572842739698E-002  0.750406074938930      -0.263651457215253     
  3.109488225194350E-002  0.751967715897454      -0.258863562343379     
  3.140511774805650E-002  0.752721922433043      -0.256551171078979     
  3.204427157260302E-002  0.754267865845483      -0.251811236575426     
  3.310338902376434E-002  0.756805903182908      -0.244029243787067     
  3.443970842775137E-002  0.759965251818486      -0.234341764181972     
  3.587279157224863E-002  0.763298828535412      -0.224119473794282     
  3.720911097623566E-002  0.766355188931351      -0.214746706389979     
  3.826822842739698E-002  0.768741001344622      -0.207429884349441     
  3.890738225194350E-002  0.770164876106169      -0.203062969330408     
  3.921761774805650E-002  0.770851636936845      -0.200956680057019     
  3.985677157260302E-002  0.772257441109943      -0.196644995152429     
  4.091588902376434E-002  0.774559746654015      -0.189583399843209     
  4.225220842775137E-002  0.777415426971900      -0.180823983436252     
  4.368529157224863E-002  0.780415637475732      -0.171620584673033     
  4.502161097623566E-002  0.783153986592979      -0.163219843396868     
  4.608072842739698E-002  0.785282878223051      -0.156688366072778     
  4.671988225194350E-002  0.786549631932560      -0.152801752634517     
  4.703011774805650E-002  0.787159567883709      -0.150930314155330     
  4.766927157260302E-002  0.788405944794422      -0.147106004387874     
  4.872838902376434E-002  0.790440675168561      -0.140862432771882     
  5.006470842775137E-002  0.792952759947028      -0.133153514717772     
  5.149779157224863E-002  0.795577166499375      -0.125099174694150     
  5.283411097623566E-002  0.797958365807808      -0.117790540964092     
  5.389322842739698E-002  0.799799670759683      -0.112138519816096     
  5.453238225194350E-002  0.800890969732504      -0.108788484205152     
  5.484261774805650E-002  0.801415232789155      -0.107179059251910     
  5.548177157260302E-002  0.802484065385368      -0.103897749579598     
  5.654088902376434E-002  0.804221558674419      -9.856329464198052E-002
  5.787720842775137E-002  0.806353341519193      -9.201764349859420E-002
  5.931029157224863E-002  0.808563607180961      -8.523019718093446E-002
  6.064661097623566E-002  0.810553016224871      -7.912020372345220E-002
  6.170572842739698E-002  0.812080144382386      -7.442945907701565E-002
  6.234488225194350E-002  0.812980350469999      -7.166414268224772E-002
  6.265511774805650E-002  0.813411468229040      -7.033974089893036E-002
  6.329427157260302E-002  0.814287617453224      -6.764806204188706E-002
  6.435338902376433E-002  0.815703593807682      -6.329755109713341E-002
  6.568970842775136E-002  0.817426012316908      -5.800481389076536E-002
  6.712279157224864E-002  0.819193147491327      -5.257379621337663E-002
  6.845911097623567E-002  0.820766008181208      -4.773902988974011E-002
  6.951822842739698E-002  0.821961061940778      -4.406502306052715E-002
  7.015738225194350E-002  0.822660171236498      -4.191547393213620E-002
  7.046761774805650E-002  0.822993515133842      -4.089047500336086E-002
  7.110677157260302E-002  0.823667931415790      -3.881657373633406E-002
  7.216588902376433E-002  0.824748906487451      -3.549205120869085E-002
  7.350220842775136E-002  0.826047829160014      -3.149650738850033E-002
  7.493529157224864E-002  0.827360560964203      -2.745758649446586E-002
  7.627161097623567E-002  0.828510296161735      -2.391932224850829E-002
  7.733072842739698E-002  0.829370963091953      -2.127007567253245E-002
  7.796988225194350E-002  0.829868889692008      -1.973714223563484E-002
  7.828011774805650E-002  0.830104785615493      -1.901083688245285E-002
  7.891927157260302E-002  0.830578917350163      -1.755088161293560E-002
  7.997838902376433E-002  0.831329666862241      -1.523874882892603E-002
  8.131470842775136E-002  0.832215536417463      -1.250975505352823E-002
  8.274779157224864E-002  0.833090819826912      -9.812484150123934E-003
  8.408411097623567E-002  0.833838862169944      -7.506493248523054E-003
  8.514322842739698E-002  0.834386126430545      -5.818873167552309E-003
  8.578238225194350E-002  0.834697285494822      -4.859094221951903E-003
  8.609261774805650E-002  0.834843212004830      -4.408912293413959E-003
  8.673177157260302E-002  0.835133467808534      -3.513337391251781E-003
  8.779088902376433E-002  0.835584175998949      -2.122287532906855E-003
  8.912720842775136E-002  0.836100453829811      -5.281553603368017E-004
  9.056029157224864E-002  0.836591586943801       9.892135034265761E-004
  9.189661097623567E-002  0.836993830410796       2.232779820901522E-003
  9.295572842739698E-002  0.837276164977137       3.106216629530144E-003
  9.359488225194350E-002  0.837431555595450       3.587192694521923E-003
  9.390511774805650E-002  0.837503024222986       3.808479321504726E-003
  9.454427157260302E-002  0.837642302308271       4.239871871877649E-003
  9.560338902376433E-002  0.837850199351674       4.884241111557243E-003
  9.693970842775136E-002  0.838073697700832       5.577759027833548E-003
  9.837279157224864E-002  0.838268336165005       6.182750986071741E-003
  9.970911097623567E-002  0.838410943495651       6.627054352703163E-003
  0.100768228427397       0.838499309362359       6.903170147759044E-003
  0.101407382251943       0.838542763529873       7.039352297407988E-003
  0.101717617748057       0.838561297818253       7.097563004616505E-003
  0.102356771572603       0.838594409553803       7.201837438052355E-003
  0.103415889023764       0.838634971233750       7.330472559075058E-003
  0.104752208427751       0.838662628802886       7.420153354009199E-003
  0.106185291572249       0.838666101675364       7.435422932694489E-003
  0.107521610976236       0.838647806685440       7.383087260751191E-003
  0.108580728427397       0.838620323213447       7.301436357881789E-003
  0.109219882251943       0.838598763800799       7.236762239726706E-003
  0.109530117748057       0.838587050762127       7.201503085865562E-003
  0.110169271572603       0.838560507775135       7.121387841359744E-003
  0.111228389023764       0.838509960750169       6.968278384236996E-003
  0.112564708427751       0.838436014455539       6.743527390895839E-003
  0.113997791572249       0.838346339369925       6.470245506514889E-003
  0.115334110976236       0.838255124346291       6.191744803707981E-003
  0.116393228427397       0.838178851359518       5.958572668900024E-003
  0.117032382251943       0.838131505856752       5.813726047294403E-003
  0.117342617748057       0.838108233138755       5.742499852845881E-003
  0.117981771572603       0.838059785885389       5.594175243740868E-003
  0.119040889023764       0.837978382464271       5.344810789859317E-003
  0.120377208427751       0.837874575903960       5.026592055710129E-003
  0.121810291572249       0.837763168158838       4.684826970246301E-003
  0.123146610976236       0.837660329336170       4.369149486938074E-003
  0.124205728427397       0.837580166830899       4.122958458485164E-003
  0.124844882251943       0.837532551619233       3.976677284840793E-003
  0.125155117748056       0.837509676472984       3.906389066831518E-003
  0.125794271572603       0.837463080650437       3.763190383243436E-003
  0.126853389023764       0.837387597719631       3.531148134260784E-003
  0.128189708427751       0.837295795264313       3.248828017598674E-003
  0.129622791572249       0.837202068305327       2.960466323128565E-003
  0.130959110976236       0.837119428538553       2.706112326022764E-003
  0.132018228427397       0.837057356450933       2.514998822507930E-003
  0.132657382251944       0.837021400744600       2.404269505186064E-003
  0.132967617748056       0.837004361007937       2.351787243851881E-003
  0.133606771572603       0.836970110429102       2.246282643624543E-003
  0.134665889023764       0.836915899035503       2.079254682442977E-003
  0.136002208427751       0.836852022280614       1.882387735441069E-003
  0.137435291572249       0.836789065729732       1.688291516345416E-003
  0.138771610976236       0.836735410893769       1.522819288318817E-003
  0.139830728427397       0.836696239661011       1.401982031370772E-003
  0.140469882251944       0.836673990440139       1.333333902199563E-003
  0.140780117748056       0.836663559059217       1.301145533412237E-003
  0.141419271572603       0.836642810552076       1.237115144070665E-003
  0.142478389023764       0.836610566827698       1.137593855120744E-003
  0.143814708427751       0.836573509245221       1.023190522492001E-003
  0.145247791572249       0.836537965736502       9.134376328977873E-004
  0.146584110976236       0.836508425451225       8.222048303215399E-004
  0.147643228427397       0.836487279627997       7.568905212796954E-004
  0.148282382251944       0.836475419097774       7.202546618529854E-004
  0.148592617748056       0.836469894186265       7.031884796153531E-004
  0.149231771572603       0.836458969716582       6.694428101392601E-004
  0.150290889023764       0.836442151403825       6.174905624824394E-004
  0.151627208427751       0.836423024142937       5.584070291744730E-004
  0.153060291572249       0.836404819007675       5.021770461022138E-004
  0.154396610976236       0.836389726096525       4.555674969150095E-004
  0.155455728427397       0.836378897681048       4.221332714640602E-004
  0.156094882251944       0.836372799270080       4.033063228956299E-004
  0.156405117748056       0.836369949585130       3.945087781421620E-004
  0.157044271572603       0.836364293506053       3.770488943771292E-004
  0.158103389023764       0.836355514181375       3.499533987258629E-004
  0.159439708427751       0.836345387300192       3.187053268667703E-004
  0.160872791572249       0.836335560507801       2.883916920213228E-004
  0.162209110976236       0.836327239541784       2.627265630460648E-004
  0.163268228427397       0.836321157419480       2.439668320337868E-004
  0.163907382251944       0.836317685257405       2.332677557885605E-004
  0.164217617748056       0.836316052095737       2.282320957193256E-004
  0.164856771572603       0.836312790541464       2.181732302252851E-004
  0.165915889023764       0.836307668225137       2.023811496037787E-004
  0.167252208427751       0.836301679185186       1.839175205534819E-004
  0.168685291572249       0.836295796015586       1.657796847026700E-004
  0.170021610976236       0.836290770953301       1.502879747029951E-004
  0.171080728427397       0.836287081153946       1.389135573876591E-004
  0.171719882251944       0.836284973939078       1.324113573603616E-004
  0.172030117748056       0.836283981433940       1.293512210879136E-004
  0.172669271572603       0.836281997374107       1.232361119185575E-004
  0.173728389023764       0.836278888510857       1.136500442698732E-004
  0.175064708427751       0.836275262687395       1.024691124872272E-004
  0.176497791572249       0.836271716813084       9.153371171855030E-005
  0.177834110976236       0.836268706429162       8.224890018510430E-005
  0.178893228427397       0.836266509220748       7.547159027451820E-005
  0.179532382251944       0.836265259548140       7.161675397083481E-005
  0.179842617748056       0.836264672876315       6.980708964771448E-005
  0.180481771572603       0.836263503914213       6.620071816592539E-005
  0.181540889023764       0.836261680228355       6.057459480576552E-005
  0.182877208427751       0.836259569288787       5.406148565093593E-005
  0.184310291572249       0.836257523799155       4.774963219652134E-005
  0.185646610976236       0.836255803637608       4.244134715041172E-005
  0.186705728427397       0.836254559095092       3.859911356662857E-005
  0.187344882251944       0.836253855424158       3.642820471560626E-005
  0.187655117748056       0.836253525844491       3.541340594715115E-005
  0.188294271572603       0.836252872835205       3.339488626110109E-005
  0.189353389023764       0.836251860280661       3.026764312215254E-005
  0.190689708427751       0.836250698265897       2.668369021742734E-005
  0.192122791572249       0.836249586336414       2.324493941418985E-005
  0.193459110976236       0.836248660658380       2.039118540514739E-005
  0.194518228427397       0.836247997883562       1.834747699967608E-005
  0.195157382251944       0.836247626242935       1.719693040111024E-005
  0.195467617748056       0.836247453592313       1.666710353397272E-005
  0.196106771572603       0.836247118543510       1.558528309113604E-005
  0.197165889023764       0.836246578813345       1.400574264498143E-005
  0.198502208427751       0.836245996445859       1.211763425360097E-005
  0.199935291572249       0.836245427063062       1.040170466131451E-005
  0.201271610976236       0.836244928329176       9.091268406032922E-006
  0.202330728427397       0.836244741747321       7.570890694298781E-006
  0.202969882251944       0.836244714572672       6.797818808759931E-006
  0.203280117748056       0.836244374236622       7.180652243625676E-006
  0.203919271572603       0.836243652010162       8.407222344306985E-006
  0.204978389023764       0.836244494587272       4.018417492729914E-006
  0.206314708427751       0.836243374638508       6.187946126740955E-006
  0.207747791572249       0.836243311294591       4.126608350888721E-006
  0.209084110976236       0.836246273846484      -6.201079093617661E-006
  0.210143228427397       0.836239769302915       1.690701088958972E-005
  0.210782382251944       0.836233360806788       2.580286869352779E-005
  0.211092617748056       0.836235475781102       1.749302403682667E-005
  0.211731771572603       0.836298170889669      -1.777639384246767E-004
  0.212790889023764       0.836261880993565      -5.474508832012596E-005
  0.214127208427751       0.836483471397967      -8.205068560339071E-004
  0.215560291572249       0.837543706636217      -4.336521758186896E-003
  0.216896610976236       0.841865216251282      -1.870997152968358E-002
  0.217955728427397       0.852061454882698      -5.209140083829365E-002
  0.218594882251944       0.862138543738390      -8.415563303501729E-002
  0.218905117748056       0.867555409175588      -0.101149683509193     
  0.219544271572603       0.878677592031452      -0.135288717866688     
  0.220603389023764       0.893356564205516      -0.179187646092954     
  0.221939708427751       0.903501436395707      -0.208630973277242     
  0.223372791572249       0.907762945143155      -0.220783460789213     
  0.224709110976236       0.909368598622419      -0.225375789881667     
  0.225768228427397       0.909829085060522      -0.226664712062293     
  0.226407382251944       0.910034855940842      -0.227206339404011     
  0.226717617748056       0.910062392091689      -0.227342719015275     
  0.227356771572603       0.910154686492066      -0.227566025566428     
  0.228415889023764       0.910226269372285      -0.227782611641437     
  0.229752208427751       0.910264813096426      -0.227903004915081     
  0.231185291572249       0.910282587913354      -0.227935227888526     
  0.232521610976236       0.910285602528409      -0.227955382067561     
  0.233580728427397       0.910287140113012      -0.227959596642662     
  0.234219882251944       0.910289526262125      -0.227952796766594     
  0.234530117748056       0.910289706050410      -0.227952303881634     
  0.235169271572603       0.910287852511442      -0.227956408948395     
  0.236228389023764       0.910286600782732      -0.227957490930661     
  0.237564708427751       0.910286686678199      -0.227952062144461     
  0.238997791572249       0.910285484886201      -0.227952103942637     
  0.240334110976236       0.910285079164654      -0.227951091226718     
  0.241393228427397       0.910285340275832      -0.227947714287320     
  0.242032382251944       0.910285120180196      -0.227946514858081     
  0.242342617748056       0.910284985965841      -0.227945838387006     
  0.242981771572603       0.910284526569615      -0.227945053666227     
  0.244040889023764       0.910283271326377      -0.227945409493973     
  0.245377208427751       0.910282766595466      -0.227943434631691     
  0.246810291572249       0.910282712999980      -0.227940759697224     
  0.248146610976236       0.910282121296659      -0.227940137780657     
  0.249205728427397       0.910281704782688      -0.227939205059931     
  0.249844882251944       0.910281557312400      -0.227938081903217     
  0.250155117748056       0.910281427554575      -0.227937636928486     
  0.250794271572603       0.910281052949551      -0.227937048866287     
  0.251853389023764       0.910280510398522      -0.227936248664451     
  0.253189708427751       0.910280163538081      -0.227934644610860     
  0.254622791572249       0.910279714117550      -0.227933712579282     
  0.255959110976236       0.910279402046845      -0.227932484764483     
  0.257018228427397       0.910279249349289      -0.227930856475034     
  0.257657382251944       0.910279031365751      -0.227930152727550     
  0.257967617748056       0.910278872182218      -0.227929974658979     
  0.258606771572603       0.910278539382820      -0.227929711091001     
  0.259665889023764       0.910278104831378      -0.227929129534697     
  0.261002208427751       0.910277860519919      -0.227927781894654     
  0.262435291572249       0.910277587477271      -0.227926498770985     
  0.263771610976236       0.910277154318923      -0.227925705581996     
  0.264830728427397       0.910276806175451      -0.227924973638247     
  0.265469882251944       0.910276622439705      -0.227924435016911     
  0.265780117748056       0.910276534153543      -0.227924177496600     
  0.266419271572603       0.910276346491722      -0.227923692796045     
  0.267478389023764       0.910276071851600      -0.227922936806176     
  0.268814708427751       0.910275761273335      -0.227922040089567     
  0.270247791572249       0.910275433743921      -0.227921093022724     
  0.271584110976236       0.910275152709062      -0.227920011412904     
  0.272643228427397       0.910274913975435      -0.227919135010729     
  0.273282382251944       0.910274739853063      -0.227918716401860     
  0.273592617748056       0.910274649213904      -0.227918543294360     
  0.274231771572603       0.910274465558323      -0.227918214401777     
  0.275290889023764       0.910274217601744      -0.227917589013917     
  0.276627208427751       0.910273970781221      -0.227916648658212     
  0.278060291572249       0.910273648518905      -0.227915774921997     
  0.279396610976236       0.910273294181445      -0.227915071863958     
  0.280455728427397       0.910273032251993      -0.227914463715877     
  0.281094882251944       0.910272887657599      -0.227914074925937     
  0.281405117748056       0.910272819807763      -0.227913887735666     
  0.282044271572603       0.910272682260005      -0.227913509374011     
  0.283103389023764       0.910272459796336      -0.227912908348803     
  0.284439708427751       0.910272180330646      -0.227912170174162     
  0.285872791572249       0.910271892644944      -0.227911309442278     
  0.287209110976236       0.910271630449444      -0.227910459613048     
  0.288268228427397       0.910271411165678      -0.227909836922131     
  0.288907382251944       0.910271272683788      -0.227909500505164     
  0.289217617748056       0.910271205472280      -0.227909342788144     
  0.289856771572603       0.910271069369983      -0.227909021487210     
  0.290915889023764       0.910270858522306      -0.227908463011990     
  0.292252208427751       0.910270593648655      -0.227907746059279     
  0.293685291572249       0.910270280024262      -0.227907047364641     
  0.295021610976236       0.910269980807826      -0.227906423005634     
  0.296080728427397       0.910269758640662      -0.227905904610983     
  0.296719882251944       0.910269630053717      -0.227905585676067     
  0.297030117748056       0.910269568340114      -0.227905431677270     
  0.297669271572603       0.910269441724587      -0.227905116493058     
  0.298728389023764       0.910269231943226      -0.227904599673296     
  0.300064708427751       0.910268971099606      -0.227903932415359     
  0.301497791572249       0.910268700998658      -0.227903177054858     
  0.302834110976236       0.910268449172415      -0.227902479238672     
  0.303893228427397       0.910268242586755      -0.227901963424171     
  0.304532382251944       0.910268115563437      -0.227901667036580     
  0.304842617748056       0.910268053838020      -0.227901524835802     
  0.305481771572603       0.910267926595216      -0.227901233468538     
  0.306540889023764       0.910267716263274      -0.227900749344118     
  0.307877208427751       0.910267443511140      -0.227900154082055     
  0.309310291572249       0.910267140912221      -0.227899547115930     
  0.310646610976236       0.910266861857530      -0.227898983910959     
  0.311705728427397       0.910266647688741      -0.227898525823410     
  0.312344882251944       0.910266520205398      -0.227898246472919     
  0.312655117748056       0.910266458532980      -0.227898110617678     
  0.313294271572603       0.910266331865242      -0.227897829765519     
  0.314353389023764       0.910266123073715      -0.227897359449968     
  0.315689708427751       0.910265864502023      -0.227896747936444     
  0.317122791572249       0.910265591015411      -0.227896079527293     
  0.318459110976236       0.910265331481482      -0.227895475052350     
  0.319518228427397       0.910265119370032      -0.227895019788896     
  0.320157382251944       0.910264989056214      -0.227894752934844     
  0.320467617748056       0.910264925342922      -0.227894624781652     
  0.321106771572603       0.910264793075506      -0.227894363072113     
  0.322165889023764       0.910264571170533      -0.227893935468210     
  0.323502208427751       0.910264285274242      -0.227893410747925     
  0.324935291572249       0.910263974999518      -0.227892860070834     
  0.326271610976236       0.910263687796696      -0.227892342295825     
  0.327330728427397       0.910263462762279      -0.227891923436609     
  0.327969882251944       0.910263327652200      -0.227891667349965     
  0.328280117748056       0.910263262224143      -0.227891542120767     
  0.328919271572603       0.910263127847087      -0.227891281937671     
  0.329978389023764       0.910262906406542      -0.227890843757310     
  0.331314708427751       0.910262628995409      -0.227890279719429     
  0.332747791572249       0.910262329160171      -0.227889676708283     
  0.334084110976236       0.910262041688475      -0.227889133984040     
  0.335143228427397       0.910261806979539      -0.227888720861446     
  0.335782382251944       0.910261662686857      -0.227888477441251     
  0.336092617748056       0.910261592000108      -0.227888360626007     
  0.336731771572603       0.910261445078204      -0.227888122387690     
  0.337790889023764       0.910261198150873      -0.227887734059858     
  0.339127208427751       0.910260881380797      -0.227887253328605     
  0.340560291572249       0.910260538305699      -0.227886740268822     
  0.341896610976236       0.910260217971254      -0.227886254432115     
  0.342955728427397       0.910259964396591      -0.227885860911403     
  0.343594882251944       0.910259811454325      -0.227885619580523     
  0.343905117748056       0.910259737234664      -0.227885501360926     
  0.344544271572603       0.910259584356144      -0.227885255642604     
  0.345603389023764       0.910259330704950      -0.227884843034181     
  0.346939708427751       0.910259008197736      -0.227884318385919     
  0.348372791572249       0.910258654632178      -0.227883764383375     
  0.349709110976236       0.910258314164157      -0.227883265977992     
  0.350768228427397       0.910258036364661      -0.227882884511461     
  0.351407382251944       0.910257865540203      -0.227882659185735     
  0.351717617748056       0.910257781813731      -0.227882550966415     
  0.352356771572603       0.910257607740528      -0.227882330025436     
  0.353415889023764       0.910257315011515      -0.227881968646956     
  0.354752208427751       0.910256939310439      -0.227881516892672     
  0.356185291572249       0.910256530783020      -0.227881029494764     
  0.357521610976236       0.910256146233014      -0.227880565487207     
  0.358580728427397       0.910255839314116      -0.227880189071390     
  0.359219882251944       0.910255653082221      -0.227879958216091     
  0.359530117748056       0.910255562367647      -0.227879845242433     
  0.360169271572603       0.910255374700541      -0.227879610910318     
  0.361228389023764       0.910255060737986      -0.227879219667887     
  0.362564708427751       0.910254656950838      -0.227878727123769     
  0.363997791572249       0.910254210696433      -0.227878210471064     
  0.365334110976236       0.910253779984276      -0.227877745145871     
  0.366393228427397       0.910253428416026      -0.227877387462531     
  0.367032382251944       0.910253212076079      -0.227877175510970     
  0.367342617748056       0.910253105981052      -0.227877073502765     
  0.367981771572603       0.910252885257979      -0.227876864748857     
  0.369040889023764       0.910252513523707      -0.227876521508503     
  0.370377208427751       0.910252034940677      -0.227876088748571     
  0.371810291572249       0.910251511394281      -0.227875618291553     
  0.373146610976236       0.910251014389826      -0.227875169008533     
  0.374205728427397       0.910250614254188      -0.227874804847091     
  0.374844882251944       0.910250369814661      -0.227874582086651     
  0.375155117748056       0.910250250274515      -0.227874473328972     
  0.375794271572603       0.910250001973330      -0.227874248388438     
  0.376853389023764       0.910249583720413      -0.227873874976245     
  0.378189708427751       0.910249041599070      -0.227873408222895     
  0.379622791572249       0.910248439348578      -0.227872920206775     
  0.380959110976236       0.910247856668095      -0.227872479640151     
  0.382018228427397       0.910247380251271      -0.227872139367874     
  0.382657382251944       0.910247086623139      -0.227871936891224     
  0.382967617748056       0.910246942474181      -0.227871839180254     
  0.383606771572603       0.910246642214647      -0.227871638650734     
  0.384665889023764       0.910246135202770      -0.227871307147234     
  0.386002208427751       0.910245479304034      -0.227870886231342     
  0.387435291572249       0.910244756436782      -0.227870426314638     
  0.388771610976236       0.910244063915611      -0.227869986818603     
  0.389830728427397       0.910243501450210      -0.227869631667881     
  0.390469882251944       0.910243155648153      -0.227869415252753     
  0.390780117748056       0.910242985947660      -0.227869309868638     
  0.391419271572603       0.910242632278583      -0.227869092502549     
  0.392478389023764       0.910242033327701      -0.227868733336388     
  0.393814708427751       0.910241252339771      -0.227868286406305     
  0.395247791572249       0.910240380576609      -0.227867819411787     
  0.396584110976236       0.910239534028539      -0.227867396190694     
  0.397643228427397       0.910238839556679      -0.227867067430409     
  0.398282382251944       0.910238410352902      -0.227866870853344     
  0.398592617748056       0.910238199281942      -0.227866775713657     
  0.399231771572603       0.910237758782350      -0.227866579894678     
  0.400290889023764       0.910237012094603      -0.227866254571459     
  0.401627208427751       0.910236039930407      -0.227865839228509     
  0.403060291572249       0.910234959099557      -0.227865384130083     
  0.404396610976236       0.910233913479220      -0.227864949905416     
  0.405455728427397       0.910233056773887      -0.227864600496899     
  0.406094882251944       0.910232526884499      -0.227864388421395     
  0.406405117748056       0.910232266003738      -0.227864285387558     
  0.407044271572603       0.910231720635695      -0.227864073329042     
  0.408103389023764       0.910230792353045      -0.227863724038759     
  0.409439708427751       0.910229574398453      -0.227863290297760     
  0.410872791572249       0.910228206292103      -0.227862836265012     
  0.412209110976236       0.910226869520806      -0.227862422382161     
  0.413268228427397       0.910225766477237      -0.227862098561891     
  0.413907382251944       0.910225081635966      -0.227861903864937     
  0.414217617748056       0.910224743921240      -0.227861809347596     
  0.414856771572603       0.910224037055020      -0.227861614254054     
  0.415915889023764       0.910222832108486      -0.227861288707753     
  0.417252208427751       0.910221249607606      -0.227860871381225     
  0.418685291572249       0.910219470722982      -0.227860413586606     
  0.420021610976236       0.910217729585573      -0.227859977769607     
  0.421080728427397       0.910216288370552      -0.227859628323665     
  0.421719882251944       0.910215390574952      -0.227859416780739     
  0.422030117748056       0.910214946832464      -0.227859314132984     
  0.422669271572603       0.910214015616911      -0.227859103058041     
  0.423728389023764       0.910212419857500      -0.227858755573382     
  0.425064708427751       0.910210306570510      -0.227858323206887     
  0.426497791572249       0.910207906873723      -0.227857867759383     
  0.427834110976236       0.910205535128555      -0.227857448669010     
  0.428893228427397       0.910203556917128      -0.227857117709719     
  0.429532382251944       0.910202318579479      -0.227856917397663     
  0.429842617748056       0.910201704956142      -0.227856819808994     
  0.430481771572603       0.910200414068253      -0.227856617704553     
  0.431540889023764       0.910198192505798      -0.227856278680451     
  0.432877208427751       0.910195232531743      -0.227855841617083     
  0.434310291572249       0.910191844939924      -0.227855360215298     
  0.435646610976236       0.910188464648250      -0.227854900620905     
  0.436705728427397       0.910185616214734      -0.227854530797740     
  0.437344882251944       0.910183817639340      -0.227854305902875     
  0.437655117748056       0.910182921520213      -0.227854196365783     
  0.438294271572603       0.910181024909699      -0.227853969987835     
  0.439353389023764       0.910177719767058      -0.227853592435971     
  0.440689708427751       0.910173215788796      -0.227853108336476     
  0.442122791572249       0.910167862600813      -0.227852565887710     
  0.443459110976236       0.910162188332543      -0.227852009064542     
  0.444518228427397       0.910156991921383      -0.227851496697787     
  0.445157382251944       0.910153421897385      -0.227851136452682     
  0.445467617748056       0.910151534903505      -0.227850942180816     
  0.446106771572603       0.910147247733514      -0.227850490174386     
  0.447165889023764       0.910138529038340      -0.227849525068428     
  0.448502208427751       0.910122886827231      -0.227847676172592     
  0.449935291572249       0.910095596177445      -0.227844275354360     
  0.451271610976236       0.910051770492901      -0.227838698381895     
  0.452330728427397       0.909994968981130      -0.227831499030983     
  0.452969882251944       0.909946258233185      -0.227825400646662     
  0.453280117748056       0.909917473627584      -0.227821831739263     
  0.453919271572603       0.909845031216886      -0.227812959088945     
  0.454978389023764       0.909673961933790      -0.227792541333358     
  0.456314708427751       0.909323927898857      -0.227752516285633     
  0.457747791572249       0.908685551410611      -0.227683543978645     
  0.459084110976236       0.907706039484058      -0.227584153271093     
  0.460143228427397       0.906544515311554      -0.227473001426250     
  0.460782382251944       0.905626623257067      -0.227388927118944     
  0.461092617748056       0.905111353514058      -0.227342922732775     
  0.461731771572603       0.903886546448265      -0.227236488174547     
  0.462790889023764       0.901293383974601      -0.227022196506464     
  0.464127208427751       0.896788197951250      -0.226676486021961     
  0.465560291572249       0.890053253029319      -0.226204462051971     
  0.466896610976236       0.881645603990343      -0.225669646513704     
  0.467955728427397       0.873344572201127      -0.225187135086677     
  0.468594882251944       0.867596882571190      -0.224875147496006     
  0.468905117748056       0.864604059223101      -0.224719130457728     
  0.469544271572603       0.858021668626502      -0.224390374685850     
  0.470603389023764       0.845910705012782      -0.223833007144326     
  0.471939708427751       0.828656111070053      -0.223135232774276     
  0.473372791572249       0.808133229606920      -0.222441559583788     
  0.474709110976236       0.787694865172940      -0.221893663063942     
  0.475768228427397       0.771035359560853      -0.221554669654104     
  0.476407382251944       0.760936256078198      -0.221398313640322     
  0.476717617748056       0.756048631213271      -0.221336529450375     
  0.477356771572603       0.746050033970682      -0.221239484381128     
  0.478415889023764       0.729836587469070      -0.221170867553009     
  0.479752208427751       0.710352927284172      -0.221248643493095     
  0.481185291572249       0.691088652134994      -0.221523239458883     
  0.482521610976236       0.674934056496367      -0.221932136644538     
  0.483580728427397       0.663472992214135      -0.222338682645170     
  0.484219882251944       0.657144036675097      -0.222610678637841     
  0.484530117748056       0.654231332432405      -0.222748319521117     
  0.485169271572603       0.648555593870957      -0.223040841100695     
  0.486228389023764       0.640093698361484      -0.223542528445657     
  0.487564708427751       0.631015771316924      -0.224181699851171     
  0.488997791572249       0.623098674595176      -0.224842424423674     
  0.490334110976236       0.617218717353464      -0.225410445105702     
  0.491393228427397       0.613456369631496      -0.225816752665172     
  0.492032382251944       0.611524764665357      -0.226040926302004     
  0.492342617748056       0.610671156163452      -0.226143809611395     
  0.492981771572603       0.609072843818678      -0.226343405422665     
  0.494040889023764       0.606853820385514      -0.226637598850993     
  0.495377208427751       0.604702883358823      -0.226945960882790     
  0.496810291572249       0.603037918565499      -0.227205261374093     
  0.498146610976236       0.601943457199083      -0.227389198600712     
  0.499205728427397       0.601315002140982      -0.227501519380425     
  0.499844882251944       0.601016686385253      -0.227557101263810     
  0.500155117748057       0.600890552838110      -0.227581136100775     
  0.500794271572603       0.600664400370948      -0.227625157912388     
  0.501853389023764       0.600373988599971      -0.227683817429852     
  0.503189708427751       0.600122465234019      -0.227737271415950     
  0.504622791572249       0.599952310953212      -0.227775584322843     
  0.505959110976236       0.599855208780864      -0.227798761862086     
  0.507018228427397       0.599806261630732      -0.227811078542768     
  0.507657382251943       0.599785217940944      -0.227816591468359     
  0.507967617748057       0.599776823222442      -0.227818843834444     
  0.508606771572603       0.599762633699195      -0.227822745541696     
  0.509665889023764       0.599746372221210      -0.227827439875299     
  0.511002208427751       0.599734747192886      -0.227831102286672     
  0.512435291572249       0.599728998456878      -0.227833229176707     
  0.513771610976236       0.599727189885848      -0.227834198214949     
  0.514830728427397       0.599727133495817      -0.227834544299693     
  0.515469882251943       0.599727461049492      -0.227834634261736     
  0.515780117748057       0.599727689564074      -0.227834653633398     
  0.516419271572603       0.599728268661696      -0.227834653894639     
  0.517478389023764       0.599729450844393      -0.227834565731576     
  0.518814708427751       0.599731154519716      -0.227834354079014     
  0.520247791572249       0.599733071680209      -0.227834059853692     
  0.521584110976236       0.599734852084026      -0.227833756062555     
  0.522643228427397       0.599736229542194      -0.227833507033725     
  0.523282382251943       0.599737041712076      -0.227833355540892     
  0.523592617748057       0.599737430302892      -0.227833281949704     
  0.524231771572603       0.599738218947645      -0.227833130487632     
  0.525290889023764       0.599739489881349      -0.227832880634943     
  0.526627208427751       0.599741030142388      -0.227832568179566     
  0.528060291572249       0.599742606638764      -0.227832236366896     
  0.529396610976236       0.599744010868946      -0.227831928894816     
  0.530455728427397       0.599745081700484      -0.227831685607036     
  0.531094882251943       0.599745710907907      -0.227831538660655     
  0.531405117748057       0.599746011870071      -0.227831467255457     
  0.532044271572603       0.599746623028439      -0.227831319922159     
  0.533103389023764       0.599747610353238      -0.227831074976799     
  0.534439708427751       0.599748813256424      -0.227830764363515     
  0.535872791572249       0.599750053503230      -0.227830429672724     
  0.537209110976236       0.599751166567480      -0.227830116977633     
  0.538268228427397       0.599752020646155      -0.227829869508416     
  0.538907382251943       0.599752524566116      -0.227829720603340     
  0.539217617748057       0.599752766130104      -0.227829648493860     
  0.539856771572603       0.599753257700228      -0.227829500345796     
  0.540915889023764       0.599754054673079      -0.227829256293972     
  0.542252208427751       0.599755030259920      -0.227828951289441     
  0.543685291572249       0.599756041339498      -0.227828627885139     
  0.545021610976236       0.599756953336276      -0.227828329224520     
  0.546080728427397       0.599757656246566      -0.227828093850033     
  0.546719882251943       0.599758072320757      -0.227827952088895     
  0.547030117748057       0.599758272143752      -0.227827883300747     
  0.547669271572603       0.599758679537970      -0.227827741532574     
  0.548728389023764       0.599759342305356      -0.227827506140648     
  0.550064708427751       0.599760157621218      -0.227827207536259     
  0.551497791572249       0.599761007441918      -0.227826884500084     
  0.552834110976236       0.599761778223598      -0.227826580374705     
  0.553893228427397       0.599762374934080      -0.227826337534230     
  0.554532382251943       0.599762729163032      -0.227826190375386     
  0.554842617748057       0.599762899538536      -0.227826118820581     
  0.555481771572603       0.599763247380198      -0.227825971215720     
  0.556540889023764       0.599763814550256      -0.227825726369978     
  0.557877208427751       0.599764514183869      -0.227825417785178     
  0.559310291572249       0.599765245332065      -0.227825088380865     
  0.560646610976236       0.599765909944567      -0.227824783375209     
  0.561705728427397       0.599766425388609      -0.227824543266155     
  0.562344882251943       0.599766731779173      -0.227824399008219     
  0.562655117748057       0.599766879260989      -0.227824329138909     
  0.563294271572603       0.599767180612997      -0.227824185451350     
  0.564353389023764       0.599767672779833      -0.227823947873898     
  0.565689708427751       0.599768281494089      -0.227823648279474     
  0.567122791572249       0.599768919886342      -0.227823325923903     
  0.568459110976236       0.599769502495310      -0.227823023191983     
  0.569518228427397       0.599769955978985      -0.227822781262438     
  0.570157382251943       0.599770226229718      -0.227822634317468     
  0.570467617748057       0.599770356497169      -0.227822562732659     
  0.571106771572603       0.599770623033122      -0.227822414728623     
  0.572165889023764       0.599771059322575      -0.227822168032999     
  0.573502208427751       0.599771600430738      -0.227821854674631     
  0.574935291572249       0.599772169352262      -0.227821517050336     
  0.576271610976236       0.599772689472142      -0.227821201913286     
  0.577330728427397       0.599773094716973      -0.227820952622700     
  0.577969882251943       0.599773336338749      -0.227820802565570     
  0.578280117748057       0.599773452832933      -0.227820729856459     
  0.578919271572603       0.599773691238736      -0.227820580339894     
  0.579978389023764       0.599774081638448      -0.227820333423505     
  0.581314708427751       0.599774566187795      -0.227820023192820     
  0.582747791572249       0.599775076313545      -0.227819691425827     
  0.584084110976236       0.599775543608068      -0.227819381887983     
  0.585143228427397       0.599775908529921      -0.227819135682469     
  0.585782382251943       0.599776126525799      -0.227818986479154     
  0.586092617748057       0.599776231750304      -0.227818913849532     
  0.586731771572603       0.599776447351008      -0.227818763733107     
  0.587790889023764       0.599776801185765      -0.227818513397911     
  0.589127208427751       0.599777241714765      -0.227818194517605     
  0.590560291572249       0.599777707023967      -0.227817848903138     
  0.591896610976236       0.599778134408097      -0.227817523797670     
  0.592955728427397       0.599778468720726      -0.227817264781217     
  0.593594882251943       0.599778668590051      -0.227817108128089     
  0.593905117748057       0.599778765094500      -0.227817032041098     
  0.594544271572603       0.599778962868800      -0.227816875248699     
  0.595603389023764       0.599779287505104      -0.227816615548005     
  0.596939708427751       0.599779691668143      -0.227816288534916     
  0.598372791572249       0.599780118492156      -0.227815938998919     
  0.599709110976236       0.599780510546791      -0.227815613998887     
  0.600768228427397       0.599780817371189      -0.227815356674093     
  0.601407382251943       0.599781000931506      -0.227815201297539     
  0.601717617748057       0.599781089607475      -0.227815125815153     
  0.602356771572603       0.599781271453208      -0.227814970099451     
  0.603415889023764       0.599781570354777      -0.227814711192842     
  0.604752208427751       0.599781943372082      -0.227814382297508     
  0.606185291572249       0.599782338576630      -0.227814026011955     
  0.607521610976236       0.599782702809825      -0.227813690020588     
  0.608580728427397       0.599782988633732      -0.227813421163084     
  0.609219882251943       0.599783159915459      -0.227813257907130     
  0.609530117748057       0.599783242726466      -0.227813178418242     
  0.610169271572603       0.599783412662472      -0.227813014197670     
  0.611228389023764       0.599783692256155      -0.227812740947299     
  0.612564708427751       0.599784041443038      -0.227812394815976     
  0.613997791572249       0.599784411436188      -0.227812022883095     
  0.615334110976236       0.599784752266879      -0.227811676097825     
  0.616393228427397       0.599785019562746      -0.227811401498537     
  0.617032382251943       0.599785179680594      -0.227811235885504     
  0.617342617748057       0.599785257082577      -0.227811155514818     
  0.617981771572603       0.599785415907027      -0.227810989931629     
  0.619040889023764       0.599785677241109      -0.227810715375770     
  0.620377208427751       0.599786003842285      -0.227810368083622     
  0.621810291572249       0.599786350476359      -0.227809993542064     
  0.623146610976236       0.599786670594694      -0.227809641333778     
  0.624205728427397       0.599786922322105      -0.227809359643764     
  0.624844882251943       0.599787073422992      -0.227809188447783     
  0.625155117748057       0.599787146550260      -0.227809105015160     
  0.625794271572603       0.599787296772299      -0.227808932428834     
  0.626853389023764       0.599787544420514      -0.227808644419345     
  0.628189708427751       0.599787854619931      -0.227808277705290     
  0.629622791572249       0.599788184441226      -0.227807881021525     
  0.630959110976236       0.599788489279759      -0.227807508817315     
  0.632018228427397       0.599788728978585      -0.227807212803569     
  0.632657382251943       0.599788872805111      -0.227807033890420     
  0.632967617748057       0.599788942391096      -0.227806946995878     
  0.633606771572603       0.599789085289911      -0.227806767889559     
  0.634665889023764       0.599789320716614      -0.227806470894963     
  0.636002208427751       0.599789615385274      -0.227806095763729     
  0.637435291572249       0.599789928590086      -0.227805692581861     
  0.638771610976236       0.599790218237823      -0.227805315111208     
  0.639830728427397       0.599790446302799      -0.227805014356097     
  0.640469882251943       0.599790583347005      -0.227804831987165     
  0.640780117748057       0.599790649715919      -0.227804743200300     
  0.641419271572603       0.599790786155178      -0.227804559683162     
  0.642478389023764       0.599791011415796      -0.227804253684602     
  0.643814708427751       0.599791294267626      -0.227803864021492     
  0.645247791572249       0.599791596023821      -0.227803441778303     
  0.646584110976236       0.599791875992784      -0.227803044485851     
  0.647643228427397       0.599792096924444      -0.227802727734582     
  0.648282382251943       0.599792229837081      -0.227802536024769     
  0.648592617748057       0.599792294237469      -0.227802442868195     
  0.649231771572603       0.599792426681868      -0.227802250811288     
  0.650290889023764       0.599792645454358      -0.227801932460406     
  0.651627208427751       0.599792920266257      -0.227801531359223     
  0.653060291572249       0.599793213554943      -0.227801102942030     
  0.654396610976236       0.599793485889281      -0.227800705850225     
  0.655455728427397       0.599793701112509      -0.227800393124858     
  0.656094882251943       0.599793830803726      -0.227800205338664     
  0.656405117748057       0.599793893717023      -0.227800114456382     
  0.657044271572603       0.599794023282857      -0.227799927786275     
  0.658103389023764       0.599794237939340      -0.227799620225897     
  0.659439708427751       0.599794508995949      -0.227799235610509     
  0.660872791572249       0.599794800421102      -0.227798828196020     
  0.662209110976236       0.599795073328779      -0.227798454300110     
  0.663268228427397       0.599795290712849      -0.227798163320699     
  0.663907382251943       0.599795422461081      -0.227797990560178     
  0.664217617748057       0.599795486579179      -0.227797907590347     
  0.664856771572603       0.599795619053676      -0.227797738686323     
  0.665915889023764       0.599795839795135      -0.227797465674639     
  0.667252208427751       0.599796120783722      -0.227797135928436     
  0.668685291572249       0.599796425696749      -0.227796804809466     
  0.670021610976236       0.599796713961055      -0.227796521600341     
  0.671080728427397       0.599796945593592      -0.227796317716423     
  0.671719882251943       0.599797086917353      -0.227796204547449     
  0.672030117748057       0.599797155968321      -0.227796152490122     
  0.672669271572603       0.599797299230645      -0.227796051481953     
  0.673728389023764       0.599797539859941      -0.227795903834272     
  0.675064708427751       0.599797849999277      -0.227795756062558     
  0.676497791572249       0.599798192023313      -0.227795651005165     
  0.677834110976236       0.599798521200371      -0.227795609075527     
  0.678893228427397       0.599798790119894      -0.227795618746299     
  0.679532382251943       0.599798956198502      -0.227795644646775     
  0.679842617748057       0.599799037905852      -0.227795662997959     
  0.680481771572603       0.599799208608743      -0.227795713297197     
  0.681540889023764       0.599799498917745      -0.227795836011802     
  0.682877208427751       0.599799879634389      -0.227796067689586     
  0.684310291572249       0.599800307724302      -0.227796423051889     
  0.685646610976236       0.599800727413222      -0.227796866874109     
  0.686705728427397       0.599801075499548      -0.227797304564952     
  0.687344882251943       0.599801292685714      -0.227797608652463     
  0.687655117748057       0.599801400134897      -0.227797767687448     
  0.688294271572603       0.599801625853487      -0.227798119892272     
  0.689353389023764       0.599802013430771      -0.227798780148137     
  0.690689708427751       0.599802528431170      -0.227799760240392     
  0.692122791572249       0.599803116104826      -0.227801010955637     
  0.693459110976236       0.599803700537780      -0.227802381660658     
  0.694518228427397       0.599804191098910      -0.227803620542059     
  0.695157382251943       0.599804499705485      -0.227804437860950     
  0.695467617748057       0.599804653068160      -0.227804854315903     
  0.696106771572603       0.599804976653781      -0.227805754387356     
  0.697165889023764       0.599805536497718      -0.227807376105942     
  0.698502208427751       0.599806287846173      -0.227809669664179     
  0.699935291572249       0.599807154094598      -0.227812462101051     
  0.701271610976236       0.599808023206492      -0.227815404371214     
  0.702330728427397       0.599808757395489      -0.227817987476595     
  0.702969882251943       0.599809221037669      -0.227819660668959     
  0.703280117748057       0.599809451882425      -0.227820505124847     
  0.703919271572603       0.599809939786726      -0.227822313626382     
  0.704978389023764       0.599810786178410      -0.227825522509474     
  0.706314708427751       0.599811925488649      -0.227829971895653     
  0.707747791572249       0.599813242311586      -0.227835278032318     
  0.709084110976236       0.599814565737945      -0.227840763907630     
  0.710143228427397       0.599815684821139      -0.227845507016762     
  0.710782382251943       0.599816391872500      -0.227848547756645     
  0.711092617748057       0.599816743982868      -0.227850073807892     
  0.711731771572603       0.599817488305852      -0.227853323927989     
  0.712790889023764       0.599818779743521      -0.227859035173516     
  0.714127208427751       0.599820518135535      -0.227866851296346     
  0.715560291572249       0.599822526682358      -0.227876039944818     
  0.716896610976236       0.599824543788356      -0.227885413373012     
  0.717955728427397       0.599826247748581      -0.227893430323655     
  0.718594882251943       0.599827323350278      -0.227898532669783     
  0.718905117748057       0.599827858685667      -0.227901083385605     
  0.719544271572603       0.599828989601186      -0.227906495111053     
  0.720603389023764       0.599830949243470      -0.227915942280084     
  0.721939708427751       0.599833581656904      -0.227928758813784     
  0.723372791572249       0.599836615140206      -0.227943686252466     
  0.724709110976236       0.599839653088864      -0.227958784404141     
  0.725768228427397       0.599842213409970      -0.227971611027607     
  0.726407382251943       0.599843827074249      -0.227979738544257     
  0.726717617748057       0.599844629529102      -0.227983791931014     
  0.727356771572603       0.599846323412681      -0.227992372361878     
  0.728415889023764       0.599849255324993      -0.228007296928283     
  0.729752208427751       0.599853189947408      -0.228027456760336     
  0.731185291572249       0.599857722745314      -0.228050844406724     
  0.732521610976236       0.599862266160242      -0.228074439330452     
  0.733580728427397       0.599866102676171      -0.228094467229997     
  0.734219882251943       0.599868525564465      -0.228107162408569     
  0.734530117748057       0.599869731978841      -0.228113496767095     
  0.735169271572603       0.599872282777156      -0.228126920306775     
  0.736228389023764       0.599876714263930      -0.228150318218310     
  0.737564708427751       0.599882698443093      -0.228182065677320     
  0.738997791572249       0.599889656783999      -0.228219183381183     
  0.740334110976236       0.599896712975042      -0.228257023278346     
  0.741393228427397       0.599902740388835      -0.228289496525629     
  0.742032382251943       0.599906581827481      -0.228310258939528     
  0.742342617748057       0.599908505324741      -0.228320674326618     
  0.742981771572603       0.599912595542367      -0.228342856978002     
  0.744040889023764       0.599919774511654      -0.228381912693348     
  0.745377208427751       0.599929616569304      -0.228435679849642     
  0.746810291572249       0.599941263598087      -0.228499598852955     
  0.748146610976236       0.599953274378833      -0.228565799506565     
  0.749205728427397       0.599963674227060      -0.228623315692802     
  0.749844882251943       0.599970360680891      -0.228660375096115     
  0.750155117748057       0.599973723679108      -0.228679035327894     
  0.750794271572603       0.599980904477651      -0.228718925909402     
  0.751853389023764       0.599993592097653      -0.228789545720966     
  0.753189708427751       0.600011114336317      -0.228887320042635     
  0.754622791572249       0.600031962319266      -0.229003953536889     
  0.755959110976236       0.600053504648027      -0.229124745244186     
  0.757018228427397       0.600072140167657      -0.229229423652308     
  0.757657382251943       0.600084099795998      -0.229296681017816     
  0.757967617748057       0.600090101318533      -0.229330437158450     
  0.758606771572603       0.600102884344170      -0.229402409006339     
  0.759665889023764       0.600125392919455      -0.229529262076250     
  0.761002208427751       0.600156212454000      -0.229703131393504     
  0.762435291572249       0.600192489989071      -0.229908090302730     
  0.763771610976236       0.600229503158545      -0.230117360365804     
  0.764830728427397       0.600261085237129      -0.230296124517124     
  0.765469882251943       0.600281334516396      -0.230411001745267     
  0.765780117748057       0.600291495335108      -0.230468288049085     
  0.766419271572603       0.600312493853409      -0.230587058517044     
  0.767478389023764       0.600349735687706      -0.230798494535674     
  0.768814708427751       0.600400016781961      -0.231083210496490     
  0.770247791572249       0.600457950285640      -0.231412079952002     
  0.771584110976236       0.600517091931873      -0.231747507086588     
  0.772643228427397       0.600565325589479      -0.232020229625098     
  0.773282382251943       0.600596284205836      -0.232198118011209     
  0.773592617748057       0.600613028448926      -0.232294152002349     
  0.774231771572603       0.600647374104373      -0.232486964391103     
  0.775290889023764       0.600700360531119      -0.232785586753726     
  0.776627208427751       0.600778937141992      -0.233236970331446     
  0.778060291572249       0.600864637328129      -0.233715037839957     
  0.779396610976236       0.600947474676005      -0.234197182481745     
  0.780455728427397       0.601047013653358      -0.234767608119711     
  0.781094882251943       0.601073977944334      -0.234892432499441     
  0.781405117748057       0.601016997121555      -0.234399453532014     
  0.782044271572603       0.601131768728145      -0.235343249457754     
  0.783103389023764       0.601278338871717      -0.236060063100268     
  0.784439708427751       0.601253700054334      -0.235850692139939     
  0.785872791572249       0.601590462173689      -0.238007978135743     
  0.787209110976236       0.601362279817139      -0.236061663929689     
  0.788268228427397       0.601592846260962      -0.238941290327333     
  0.788907382251943       0.604043127367057      -0.250977627614686     
  0.789217617748057       0.602998001063582      -0.246275814532252     
  0.789856771572603       0.599173528885228      -0.222043382821355     
  0.790915889023764       0.603686961721329      -0.251630873141797     
  0.792252208427751       0.601624089500157      -0.236882303048108     
  0.793685291572249       0.614343588487083      -0.328578611328878     
  0.795021610976236       0.679624984259758      -0.748160281115943     
  0.796080728427397       0.726103792528221      -0.995903331757385     
  0.796719882251943       0.734334129657877       -1.04343474764397     
  0.797030117748057       0.738564312482462       -1.05936298571262     
  0.797669271572603       0.742630497745671       -1.07272535532908     
  0.798728389023764       0.744156763007770       -1.08185186768230     
  0.800064708427751       0.743645495568696       -1.07669058486225     
  0.801497791572249       0.741532182980825       -1.06400599299197     
  0.802834110976236       0.739380296450573       -1.04957696332024     
  0.803893228427397       0.737556065787359       -1.03748330554023     
  0.804532382251943       0.736254716885139       -1.03027394735258     
  0.804842617748057       0.735742950841501       -1.02636532475190     
  0.805481771572603       0.734525829018736       -1.01844383849293     
  0.806540889023764       0.732481572207370       -1.00553779471618     
  0.807877208427751       0.729987191358857      -0.988840563232288     
  0.809310291572249       0.727389915037127      -0.970387378301839     
  0.810646610976236       0.724957967801201      -0.952760928146811     
  0.811705728427397       0.723010356493418      -0.938554004259234     
  0.812344882251943       0.721837032161489      -0.929889218790640     
  0.812655117748057       0.721271850157683      -0.925637973623716     
  0.813294271572603       0.720121060756207      -0.916799966645149     
  0.814353389023764       0.718233290557754      -0.902052521416989     
  0.815689708427751       0.715908452527122      -0.883038490947836     
  0.817122791572249       0.713451472711271      -0.862172654430250     
  0.818459110976236       0.711176706405311      -0.842334325732498     
  0.819518228427397       0.709396579792238      -0.826347012211133     
  0.820157382251943       0.708332435738706      -0.816607437606538     
  0.820467617748057       0.707817546722593      -0.811866087635163     
  0.821106771572603       0.706766461928900      -0.802034864036044     
  0.822165889023764       0.705043126888721      -0.785591492281807     
  0.823502208427751       0.702889463005680      -0.764602601135413     
  0.824935291572249       0.700591969183003      -0.741836557412022     
  0.826271610976236       0.698459668363178      -0.720401754561238     
  0.827330728427397       0.696781797205734      -0.703277461330138     
  0.827969882251943       0.695775339724925      -0.692885873269049     
  0.828280117748057       0.695288234194489      -0.687828032235070     
  0.828919271572603       0.694288012394705      -0.677375280575947     
  0.829978389023764       0.692639027905901      -0.659955795936572     
  0.831314708427751       0.690566921164884      -0.637818922134124     
  0.832747791572249       0.688348878572209      -0.613911246770136     
  0.834084110976236       0.686281817932506      -0.591493602690748     
  0.835143228427397       0.684643494059467      -0.573660151832901     
  0.835782382251943       0.683654395029957      -0.562873987822788     
  0.836092617748057       0.683174097532958      -0.557632355568845     
  0.836731771572603       0.682183839355175      -0.546821798454388     
  0.837790889023764       0.680539363093049      -0.528878531121088     
  0.839127208427751       0.678455343846654      -0.506200500601283     
  0.840560291572249       0.676208703509663      -0.481844649601218     
  0.841896610976236       0.674105678858482      -0.459103888261918     
  0.842955728427397       0.672435566129872      -0.441059428003056     
  0.843594882251943       0.671426718458199      -0.430160524586593     
  0.843905117748057       0.670936787393047      -0.424867808354682     
  0.844544271572603       0.669926824172518      -0.413958823686636     
  0.845603389023764       0.668250920345087      -0.395870532255754     
  0.846939708427751       0.666130515428956      -0.373038896317521     
  0.848372791572249       0.663847015452585      -0.348563534969113     
  0.849709110976236       0.661707361064826      -0.325769278736720     
  0.850768228427397       0.660003692424808      -0.307733153108977     
  0.851407382251943       0.658971828730582      -0.296864457564208     
  0.851717617748057       0.658469867866804      -0.291593773700911     
  0.852356771572603       0.657433260555015      -0.280745825354490     
  0.853415889023764       0.655707658505684      -0.262805357141239     
  0.854752208427751       0.653515356826336      -0.240238416876775     
  0.856185291572249       0.651145170717929      -0.216129174947542     
  0.857521610976236       0.648917412093966      -0.193737214074412     
  0.858580728427397       0.647139573417558      -0.176054580902705     
  0.859219882251943       0.646061165422380      -0.165412999085777     
  0.859530117748057       0.645536125050173      -0.160256270502038     
  0.860169271572603       0.644450923769792      -0.149650950936068     
  0.861228389023764       0.642641397182119      -0.132137491011489     
  0.862564708427751       0.640335636709428      -0.110161880980811     
  0.863997791572249       0.637831145111352      -8.676905964367718E-002
  0.865334110976236       0.635462938411865      -6.513981138987072E-002
  0.866393228427397       0.633561628694834      -4.813600491047572E-002
  0.867032382251943       0.632403196344304      -3.793779428461286E-002
  0.867342617748057       0.631837811099367      -3.300551185997690E-002
  0.867981771572603       0.630666450403462      -2.288141345183949E-002
  0.869040889023764       0.628705568761350      -6.218960533978591E-003
  0.870377208427751       0.626195250560140       1.459699757503856E-002
  0.871810291572249       0.623457719373746       3.665876867651404E-002
  0.873146610976236       0.620862631145189       5.698501980361649E-002
  0.874205728427397       0.618776725156081       7.292478653186187E-002
  0.874844882251943       0.617505353305172       8.247049060767545E-002
  0.875155117748057       0.616884806675835       8.708367661802034E-002
  0.875794271572603       0.615599194342904       9.654603200148612E-002
  0.876853389023764       0.613447495996541       0.112100817444210     
  0.878189708427751       0.610694427899582       0.131503294713740     
  0.879622791572249       0.607695233944108       0.152036326513675     
  0.880959110976236       0.604856716182148       0.170935696568071     
  0.882018228427397       0.602580212147501       0.185754762775314     
  0.882657382251943       0.601195762884419       0.194633841077986     
  0.882967617748057       0.600521063771725       0.198927251565597     
  0.883606771572603       0.599125764546219       0.207740711899597     
  0.884665889023764       0.596799309154247       0.222257868164129     
  0.886002208427751       0.593841905886930       0.240439850769869     
  0.887435291572249       0.590648395168846       0.259802944796662     
  0.888771610976236       0.587654727447967       0.277759497722637     
  0.889830728427397       0.585273561844113       0.291936449199954     
  0.890469882251943       0.583833527445391       0.300471732938151     
  0.890780117748057       0.583133808868912       0.304609600550498     
  0.891419271572603       0.581690800490343       0.313124768863979     
  0.892478389023764       0.579295740182490       0.327207989724290     
  0.893814708427751       0.576267684795088       0.344934043210737     
  0.895247791572249       0.573014003346392       0.363897436566262     
  0.896584110976236       0.569975565356387       0.381545504402784     
  0.897643228427397       0.567565569499061       0.395515214275934     
  0.898282382251943       0.566110882508362       0.403940679631766     
  0.898592617748057       0.565404806177307       0.408029414170911     
  0.899231771572603       0.563950287363391       0.416452121153974     
  0.900290889023764       0.561540986074698       0.430408755906893     
  0.901627208427751       0.558503674893659       0.448023087903358     
  0.903060291572249       0.555250197840595       0.466922588581720     
  0.904396610976236       0.552219543865431       0.484553113101076     
  0.905455728427397       0.549819094129063       0.498527529556830     
  0.906094882251943       0.548370889682650       0.506959661082000     
  0.906405117748057       0.547668025338483       0.511051908101293     
  0.907044271572603       0.546220064173545       0.519481248491245     
  0.908103389023764       0.543820832603140       0.533443279650643     
  0.909439708427751       0.540793714239250       0.551047335155775     
  0.910872791572249       0.537547752106929       0.569911657002172     
  0.912209110976236       0.534522195572649       0.587493533617435     
  0.913268228427397       0.532125956379718       0.601427152100507     
  0.913907382251943       0.530680916020711       0.609837038278389     
  0.914217617748057       0.529979843871247       0.613919672295157     
  0.914856771572603       0.528536215104600       0.622332360692692     
  0.915915889023764       0.526146327933586       0.636277888312061     
  0.917252208427751       0.523134983021182       0.653881981082811     
  0.918685291572249       0.519909876386530       0.672766626284749     
  0.920021610976236       0.516905350769787       0.690374150897650     
  0.921080728427397       0.514525215309647       0.704322985953207     
  0.921719882251943       0.513089135877816       0.712736835813346     
  0.922030117748057       0.512392137391944       0.716819562760792     
  0.922669271572603       0.510956259561716       0.725228240337658     
  0.923728389023764       0.508577244612965       0.739154213099522     
  0.925064708427751       0.505576600292270       0.756713416710353     
  0.926497791572249       0.502361225532426       0.775536286744237     
  0.927834110976236       0.499366863788421       0.793089198827472     
  0.928893228427397       0.496997115174122       0.807006140644902     
  0.929532382251943       0.495568640661120       0.815407706946602     
  0.929842617748057       0.494875718966728       0.819486526729693     
  0.930481771572603       0.493449017637163       0.827891355948193     
  0.931540889023764       0.491087251252221       0.841822174852972     
  0.932877208427751       0.488110749065085       0.859400961574224     
  0.934310291572249       0.484921531928960       0.878247038352165     
  0.935646610976236       0.481949106186752       0.895808536705531     
  0.936705728427397       0.479593881012513       0.909716495496703     
  0.937344882251943       0.478172827157170       0.918105117491366     
  0.937655117748057       0.477483165440740       0.922175727772880     
  0.938294271572603       0.476062565838020       0.930560181926003     
  0.939353389023764       0.473709597524485       0.944449924814472     
  0.940689708427751       0.470743554992430       0.961974047883134     
  0.942122791572249       0.467567455079925       0.980774944911907     
  0.943459110976236       0.464610898502376       0.998319762129583     
  0.944518228427397       0.462271009219703        1.01223506318370     
  0.945157382251943       0.460860173111837        1.02063617407536     
  0.945467617748057       0.460175655991762        1.02471467682491     
  0.946106771572603       0.458765876862705        1.03311834582902     
  0.947165889023764       0.456430801434007        1.04704504862001     
  0.948502208427751       0.453485361290051        1.06461461742154     
  0.949935291572249       0.450326396610297        1.08344912153738     
  0.951271610976236       0.447379946034569        1.10100490997929     
  0.952330728427397       0.445044300855739        1.11491738157372     
  0.952969882251943       0.443634795501564        1.12331452435766     
  0.953280117748057       0.442950686605575        1.12739114775467     
  0.953919271572603       0.441541433060234        1.13579224691835     
  0.954978389023764       0.439206936308734        1.14972307148894     
  0.956314708427751       0.436263132918448        1.16732329943530     
  0.957747791572249       0.433108154792525        1.18623222740644     
  0.959084110976236       0.430166952758217        1.20389624346884     
  0.960143228427397       0.427835163595500        1.21791509314395     
  0.960782382251943       0.426427191801810        1.22638194482673     
  0.961092617748057       0.425743481096982        1.23049323387082     
  0.961731771572603       0.424334126842505        1.23896640206794     
  0.962790889023764       0.421996045432748        1.25301512760916     
  0.964127208427751       0.419040337004046        1.27075539586349     
  0.965560291572249       0.415862917280571        1.28980323303838     
  0.966896610976236       0.412893062569040        1.30759659773415     
  0.967955728427397       0.410534920301985        1.32172933994272     
  0.968594882251943       0.409110121780434        1.33027412752043     
  0.968905117748057       0.408418095084887        1.33442644532282     
  0.969544271572603       0.406991431921611        1.34299166292207     
  0.970603389023764       0.404624438785522        1.35721750456837     
  0.971939708427751       0.401631861934010        1.37522650431136     
  0.973372791572249       0.398412873996135        1.39461143664860     
  0.974709110976236       0.395399433854353        1.41274906957205     
  0.975768228427397       0.393001242620331        1.42716306243202     
  0.976407382251943       0.391549268932825        1.43587755802057     
  0.976717617748057       0.390843153094928        1.44011178619188     
  0.977356771572603       0.389385535374115        1.44884439990049     
  0.978415889023764       0.386961519547605        1.46334364023524     
  0.979752208427751       0.383887630019473        1.48169564255193     
  0.981185291572249       0.380572577305611        1.50146251529496     
  0.982521610976236       0.377464727840177        1.51999007961749     
  0.983580728427397       0.374990237882156        1.53474752932888     
  0.984219882251943       0.373491918234345        1.54368617561084     
  0.984530117748057       0.372763231205311        1.54803387743087     
  0.985169271572603       0.371258894944448        1.55700964880629     
  0.986228389023764       0.368756331961498        1.57193726778752     
  0.987564708427751       0.365579322682692        1.59086518143859     
  0.988997791572249       0.362144777854679        1.61127461180819     
  0.990334110976236       0.358913441550858        1.63040859730746     
  0.991393228427397       0.356331214410283        1.64564794980406     
  0.992032382251943       0.354763469589772        1.65487955335877     
  0.992342617748057       0.353999903004606        1.65937074271554     
  0.992981771572603       0.352421345244863        1.66864645318854     
  0.994040889023764       0.349789150960605        1.68409183398874     
  0.995377208427751       0.346437566592935        1.70373519279428     
  0.996810291572249       0.342801757872438        1.72503324416354     
  0.998146610976236       0.339365465170793        1.74515631440007     
  0.999205728427397       0.336602601468068        1.76132394404462     
  0.999844882251943       0.334914451034390        1.77119254286722     
