  6.204709922259972E-004 NaN                     NaN                    
  3.177086290412081E-003 NaN                     NaN                    
  7.413556095057360E-003 NaN                     NaN                    
  1.275883371100547E-002 NaN                     NaN                    
  1.849116628899453E-002 NaN                     NaN                    
  2.383644390494264E-002 NaN                     NaN                    
  2.807291370958792E-002 NaN                     NaN                    
  3.062952900777400E-002 NaN                     NaN                    
  3.187047099222599E-002 NaN                     NaN                    
  3.442708629041208E-002 NaN                     NaN                    
  3.866355609505736E-002 NaN                     NaN                    
  4.400883371100547E-002 NaN                     NaN                    
  4.974116628899453E-002 NaN                     NaN                    
  5.508644390494264E-002 NaN                     NaN                    
  5.932291370958792E-002 NaN                     NaN                    
  6.187952900777401E-002 NaN                     NaN                    
  6.312047099222599E-002 NaN                     NaN                    
  6.567708629041208E-002 NaN                     NaN                    
  6.991355609505737E-002 NaN                     NaN                    
  7.525883371100547E-002 NaN                     NaN                    
  8.099116628899453E-002 NaN                     NaN                    
  8.633644390494263E-002 NaN                     NaN                    
  9.057291370958792E-002 NaN                     NaN                    
  9.312952900777401E-002 NaN                     NaN                    
  9.437047099222599E-002 NaN                     NaN                    
  9.692708629041208E-002 NaN                     NaN                    
  0.101163556095057      NaN                     NaN                    
  0.106508833711005      NaN                     NaN                    
  0.112241166288995      NaN                     NaN                    
  0.117586443904943      NaN                     NaN                    
  0.121822913709588      NaN                     NaN                    
  0.124379529007774      NaN                     NaN                    
  0.125620470992226      NaN                     NaN                    
  0.128177086290412      NaN                     NaN                    
  0.132413556095057      NaN                     NaN                    
  0.137758833711005      NaN                     NaN                    
  0.143491166288995      NaN                     NaN                    
  0.148836443904943      NaN                     NaN                    
  0.153072913709588      NaN                     NaN                    
  0.155629529007774      NaN                     NaN                    
  0.156870470992226      NaN                     NaN                    
  0.159427086290412      NaN                     NaN                    
  0.163663556095057      NaN                     NaN                    
  0.169008833711005      NaN                     NaN                    
  0.174741166288995      NaN                     NaN                    
  0.180086443904943      NaN                     NaN                    
  0.184322913709588      NaN                     NaN                    
  0.186879529007774      NaN                     NaN                    
  0.188120470992226      NaN                     NaN                    
  0.190677086290412      NaN                     NaN                    
  0.194913556095057      NaN                     NaN                    
  0.200258833711005      NaN                     NaN                    
  0.205991166288995      NaN                     NaN                    
  0.211336443904943      NaN                     NaN                    
  0.215572913709588      NaN                     NaN                    
  0.218129529007774      NaN                     NaN                    
  0.219370470992226      NaN                     NaN                    
  0.221927086290412      NaN                     NaN                    
  0.226163556095057      NaN                     NaN                    
  0.231508833711005      NaN                     NaN                    
  0.237241166288995      NaN                     NaN                    
  0.242586443904943      NaN                     NaN                    
  0.246822913709588      NaN                     NaN                    
  0.249379529007774      NaN                     NaN                    
  0.250620470992226      NaN                     NaN                    
  0.253177086290412      NaN                     NaN                    
  0.257413556095057      NaN                     NaN                    
  0.262758833711005      NaN                     NaN                    
  0.268491166288995      NaN                     NaN                    
  0.273836443904943      NaN                     NaN                    
  0.278072913709588      NaN                     NaN                    
  0.280629529007774      NaN                     NaN                    
  0.281870470992226      NaN                     NaN                    
  0.284427086290412      NaN                     NaN                    
  0.288663556095057      NaN                     NaN                    
  0.294008833711005      NaN                     NaN                    
  0.299741166288995      NaN                     NaN                    
  0.305086443904943      NaN                     NaN                    
  0.309322913709588      NaN                     NaN                    
  0.311879529007774      NaN                     NaN                    
  0.313120470992226      NaN                     NaN                    
  0.315677086290412      NaN                     NaN                    
  0.319913556095057      NaN                     NaN                    
  0.325258833711005      NaN                     NaN                    
  0.330991166288995      NaN                     NaN                    
  0.336336443904943      NaN                     NaN                    
  0.340572913709588      NaN                     NaN                    
  0.343129529007774      NaN                     NaN                    
  0.344370470992226      NaN                     NaN                    
  0.346927086290412      NaN                     NaN                    
  0.351163556095057      NaN                     NaN                    
  0.356508833711005      NaN                     NaN                    
  0.362241166288995      NaN                     NaN                    
  0.367586443904943      NaN                     NaN                    
  0.371822913709588      NaN                     NaN                    
  0.374379529007774      NaN                     NaN                    
  0.375620470992226      NaN                     NaN                    
  0.378177086290412      NaN                     NaN                    
  0.382413556095057      NaN                     NaN                    
  0.387758833711005      NaN                     NaN                    
  0.393491166288995      NaN                     NaN                    
  0.398836443904943      NaN                     NaN                    
  0.403072913709588      NaN                     NaN                    
  0.405629529007774      NaN                     NaN                    
  0.406870470992226      NaN                     NaN                    
  0.409427086290412      NaN                     NaN                    
  0.413663556095057      NaN                     NaN                    
  0.419008833711005      NaN                     NaN                    
  0.424741166288995      NaN                     NaN                    
  0.430086443904943      NaN                     NaN                    
  0.434322913709588      NaN                     NaN                    
  0.436879529007774      NaN                     NaN                    
  0.438120470992226      NaN                     NaN                    
  0.440677086290412      NaN                     NaN                    
  0.444913556095057      NaN                     NaN                    
  0.450258833711005      NaN                     NaN                    
  0.455991166288995      NaN                     NaN                    
  0.461336443904943      NaN                     NaN                    
  0.465572913709588      NaN                     NaN                    
  0.468129529007774      NaN                     NaN                    
  0.469370470992226      NaN                     NaN                    
  0.471927086290412      NaN                     NaN                    
  0.476163556095057      NaN                     NaN                    
  0.481508833711005      NaN                     NaN                    
  0.487241166288995      NaN                     NaN                    
  0.492586443904943      NaN                     NaN                    
  0.496822913709588      NaN                     NaN                    
  0.499379529007774      NaN                     NaN                    
  0.500620470992226      NaN                     NaN                    
  0.503177086290412      NaN                     NaN                    
  0.507413556095057      NaN                     NaN                    
  0.512758833711006      NaN                     NaN                    
  0.518491166288994      NaN                     NaN                    
  0.523836443904943      NaN                     NaN                    
  0.528072913709588      NaN                     NaN                    
  0.530629529007774      NaN                     NaN                    
  0.531870470992226      NaN                     NaN                    
  0.534427086290412      NaN                     NaN                    
  0.538663556095057      NaN                     NaN                    
  0.544008833711006      NaN                     NaN                    
  0.549741166288994      NaN                     NaN                    
  0.555086443904943      NaN                     NaN                    
  0.559322913709588      NaN                     NaN                    
  0.561879529007774      NaN                     NaN                    
  0.563120470992226      NaN                     NaN                    
  0.565677086290412      NaN                     NaN                    
  0.569913556095057      NaN                     NaN                    
  0.575258833711006      NaN                     NaN                    
  0.580991166288994      NaN                     NaN                    
  0.586336443904943      NaN                     NaN                    
  0.590572913709588      NaN                     NaN                    
  0.593129529007774      NaN                     NaN                    
  0.594370470992226      NaN                     NaN                    
  0.596927086290412      NaN                     NaN                    
  0.601163556095057      NaN                     NaN                    
  0.606508833711006      NaN                     NaN                    
  0.612241166288994      NaN                     NaN                    
  0.617586443904943      NaN                     NaN                    
  0.621822913709588      NaN                     NaN                    
  0.624379529007774      NaN                     NaN                    
  0.625620470992226      NaN                     NaN                    
  0.628177086290412      NaN                     NaN                    
  0.632413556095057      NaN                     NaN                    
  0.637758833711006      NaN                     NaN                    
  0.643491166288994      NaN                     NaN                    
  0.648836443904943      NaN                     NaN                    
  0.653072913709588      NaN                     NaN                    
  0.655629529007774      NaN                     NaN                    
  0.656870470992226      NaN                     NaN                    
  0.659427086290412      NaN                     NaN                    
  0.663663556095057      NaN                     NaN                    
  0.669008833711006      NaN                     NaN                    
  0.674741166288994      NaN                     NaN                    
  0.680086443904943      NaN                     NaN                    
  0.684322913709588      NaN                     NaN                    
  0.686879529007774      NaN                     NaN                    
  0.688120470992226      NaN                     NaN                    
  0.690677086290412      NaN                     NaN                    
  0.694913556095057      NaN                     NaN                    
  0.700258833711006      NaN                     NaN                    
  0.705991166288994      NaN                     NaN                    
  0.711336443904943      NaN                     NaN                    
  0.715572913709588      NaN                     NaN                    
  0.718129529007774      NaN                     NaN                    
  0.719370470992226      NaN                     NaN                    
  0.721927086290412      NaN                     NaN                    
  0.726163556095057      NaN                     NaN                    
  0.731508833711006      NaN                     NaN                    
  0.737241166288994      NaN                     NaN                    
  0.742586443904943      NaN                     NaN                    
  0.746822913709588      NaN                     NaN                    
  0.749379529007774      NaN                     NaN                    
  0.750620470992226      NaN                     NaN                    
  0.753177086290412      NaN                     NaN                    
  0.757413556095057      NaN                     NaN                    
  0.762758833711006      NaN                     NaN                    
  0.768491166288994      NaN                     NaN                    
  0.773836443904943      NaN                     NaN                    
  0.778072913709588      NaN                     NaN                    
  0.780629529007774      NaN                     NaN                    
  0.781870470992226      NaN                     NaN                    
  0.784427086290412      NaN                     NaN                    
  0.788663556095057      NaN                     NaN                    
  0.794008833711006      NaN                     NaN                    
  0.799741166288994      NaN                     NaN                    
  0.805086443904943      NaN                     NaN                    
  0.809322913709588      NaN                     NaN                    
  0.811879529007774      NaN                     NaN                    
  0.813120470992226      NaN                     NaN                    
  0.815677086290412      NaN                     NaN                    
  0.819913556095057      NaN                     NaN                    
  0.825258833711006      NaN                     NaN                    
  0.830991166288994      NaN                     NaN                    
  0.836336443904943      NaN                     NaN                    
  0.840572913709588      NaN                     NaN                    
  0.843129529007774      NaN                     NaN                    
  0.844370470992226      NaN                     NaN                    
  0.846927086290412      NaN                     NaN                    
  0.851163556095057      NaN                     NaN                    
  0.856508833711006      NaN                     NaN                    
  0.862241166288994      NaN                     NaN                    
  0.867586443904943      NaN                     NaN                    
  0.871822913709588      NaN                     NaN                    
  0.874379529007774      NaN                     NaN                    
  0.875620470992226      NaN                     NaN                    
  0.878177086290412      NaN                     NaN                    
  0.882413556095057      NaN                     NaN                    
  0.887758833711006      NaN                     NaN                    
  0.893491166288994      NaN                     NaN                    
  0.898836443904943      NaN                     NaN                    
  0.903072913709588      NaN                     NaN                    
  0.905629529007774      NaN                     NaN                    
  0.906870470992226      NaN                     NaN                    
  0.909427086290412      NaN                     NaN                    
  0.913663556095057      NaN                     NaN                    
  0.919008833711006      NaN                     NaN                    
  0.924741166288994      NaN                     NaN                    
  0.930086443904943      NaN                     NaN                    
  0.934322913709588      NaN                     NaN                    
  0.936879529007774      NaN                     NaN                    
  0.938120470992226      NaN                     NaN                    
  0.940677086290412      NaN                     NaN                    
  0.944913556095057      NaN                     NaN                    
  0.950258833711006      NaN                     NaN                    
  0.955991166288994      NaN                     NaN                    
  0.961336443904943      NaN                     NaN                    
  0.965572913709588      NaN                     NaN                    
  0.968129529007774      NaN                     NaN                    
  0.969370470992226      NaN                     NaN                    
  0.971927086290412      NaN                     NaN                    
  0.976163556095057      NaN                     NaN                    
  0.981508833711006      NaN                     NaN                    
  0.987241166288994      NaN                     NaN                    
  0.992586443904943      NaN                     NaN                    
  0.996822913709588      NaN                     NaN                    
  0.999379529007774      NaN                     NaN                    
