      1000   0.229981E+00
      2000   0.174413E-01
      3000   0.152960E-02
      4000   0.634302E-03
      5000   0.785525E-02
      6000   0.231092E-01
      7000   0.353582E-01
      8000   0.273678E-01
      9000   0.778910E-02
     10000   0.261093E-03
     11000   0.154236E-01
     12000   0.473904E-01
     13000   0.692533E-01
     14000   0.572377E-01
     15000   0.338885E-01
     16000   0.179214E-01
     17000   0.931688E-02
     18000   0.490197E-02
     19000   0.263075E-02
     20000   0.144530E-02
     21000   0.816412E-03
     22000   0.476716E-03
     23000   0.289156E-03
     24000   0.182766E-03
     25000   0.120524E-03
     26000   0.828967E-04
     27000   0.593999E-04
     28000   0.442668E-04
     29000   0.342346E-04
     30000   0.274013E-04
     31000   0.226252E-04
     32000   0.192014E-04
     33000   0.166831E-04
     34000   0.147804E-04
     35000   0.133004E-04
     36000   0.121124E-04
     37000   0.111261E-04
     38000   0.102789E-04
     39000   0.952693E-05
     40000   0.884041E-05
     41000   0.819957E-05
     42000   0.759224E-05
     43000   0.701182E-05
     44000   0.645569E-05
     45000   0.592392E-05
     46000   0.541810E-05
     47000   0.494051E-05
     48000   0.449345E-05
     49000   0.407879E-05
     50000   0.369764E-05
     51000   0.335034E-05
     52000   0.303637E-05
     53000   0.275448E-05
     54000   0.250286E-05
     55000   0.227923E-05
     56000   0.208104E-05
     57000   0.190562E-05
     58000   0.175027E-05
     59000   0.161235E-05
     60000   0.148939E-05
     61000   0.137908E-05
     62000   0.127938E-05
     63000   0.118846E-05
     64000   0.110477E-05
     65000   0.102699E-05
     66000   0.954078E-06
     67000   0.885208E-06
     68000   0.819779E-06
     69000   0.757379E-06
     70000   0.697765E-06
     71000   0.640823E-06
     72000   0.586543E-06
     73000   0.534982E-06
     74000   0.486238E-06
     75000   0.440417E-06
     76000   0.397616E-06
     77000   0.357907E-06
     78000   0.321318E-06
     79000   0.287837E-06
     80000   0.257403E-06
     81000   0.229912E-06
     82000   0.205224E-06
     83000   0.183168E-06
     84000   0.163550E-06
     85000   0.146164E-06
     86000   0.130798E-06
     87000   0.117241E-06
     88000   0.105287E-06
     89000   0.947448E-07
     90000   0.854338E-07
     91000   0.771909E-07
     92000   0.698698E-07
     93000   0.633414E-07
     94000   0.574932E-07
     95000   0.522292E-07
     96000   0.474681E-07
     97000   0.431421E-07
     98000   0.391959E-07
     99000   0.355843E-07
    100000   0.322713E-07
    101000   0.292283E-07
    102000   0.264325E-07
    103000   0.238657E-07
    104000   0.215130E-07
    105000   0.193616E-07
    106000   0.174003E-07
    107000   0.156184E-07
    108000   0.140056E-07
    109000   0.125515E-07
    110000   0.112455E-07
    111000   0.100768E-07
    112000   0.903435E-08
    113000   0.810730E-08
    114000   0.728475E-08
    115000   0.655616E-08
    116000   0.591141E-08
    117000   0.534093E-08
    118000   0.483585E-08
    119000   0.438799E-08
    120000   0.398996E-08
    121000   0.363517E-08
    122000   0.331776E-08
    123000   0.303266E-08
    124000   0.277547E-08
    125000   0.254245E-08
    126000   0.233046E-08
    127000   0.213687E-08
    128000   0.195954E-08
    129000   0.179669E-08
    130000   0.164689E-08
    131000   0.150899E-08
    132000   0.138202E-08
    133000   0.126521E-08
    134000   0.115789E-08
    135000   0.105945E-08
    136000   0.969373E-09
    137000   0.887142E-09
    138000   0.812269E-09
    139000   0.744269E-09
    140000   0.682662E-09
    141000   0.626966E-09
    142000   0.576705E-09
    143000   0.531410E-09
    144000   0.490625E-09
    145000   0.453909E-09
    146000   0.420843E-09
    147000   0.391033E-09
    148000   0.364113E-09
    149000   0.339745E-09
    150000   0.317626E-09
    151000   0.297480E-09
    152000   0.279065E-09
    153000   0.262169E-09
    154000   0.246607E-09
    155000   0.232223E-09
    156000   0.218883E-09
    157000   0.206477E-09
    158000   0.194912E-09
    159000   0.184114E-09
    160000   0.174020E-09
    161000   0.164581E-09
    162000   0.155753E-09
    163000   0.147503E-09
    164000   0.139798E-09
    165000   0.132612E-09
    166000   0.125918E-09
    167000   0.119692E-09
    168000   0.113910E-09
    169000   0.108547E-09
    170000   0.103577E-09
    171000   0.989765E-10
