      1000   0.142671E+00
      2000   0.917620E-02
      3000   0.209173E-01
      4000   0.739871E-02
      5000   0.389659E-01
      6000   0.220151E-01
      7000   0.787978E-02
      8000   0.277245E-02
      9000   0.109509E-02
     10000   0.502567E-03
     11000   0.266178E-03
     12000   0.158814E-03
     13000   0.103555E-03
     14000   0.716368E-04
     15000   0.512921E-04
     16000   0.373362E-04
     17000   0.273171E-04
     18000   0.199674E-04
     19000   0.145462E-04
     20000   0.105599E-04
     21000   0.764641E-05
     22000   0.552913E-05
     23000   0.399646E-05
     24000   0.288900E-05
     25000   0.208897E-05
     26000   0.151068E-05
     27000   0.109238E-05
     28000   0.789721E-06
     29000   0.570783E-06
     30000   0.412506E-06
     31000   0.298168E-06
     32000   0.215614E-06
     33000   0.156017E-06
     34000   0.112978E-06
     35000   0.818752E-07
     36000   0.593776E-07
     37000   0.430883E-07
     38000   0.312837E-07
     39000   0.227227E-07
     40000   0.165105E-07
     41000   0.120007E-07
     42000   0.872563E-08
     43000   0.634645E-08
     44000   0.461753E-08
     45000   0.336071E-08
     46000   0.244675E-08
     47000   0.178188E-08
     48000   0.129803E-08
     49000   0.945816E-09
     50000   0.689336E-09
     51000   0.502519E-09
     52000   0.366410E-09
     53000   0.267221E-09
     54000   0.194921E-09
     55000   0.142210E-09
     56000   0.103772E-09
     57000   0.757364E-10
