========= Input edge Parameters ========= 
  128 	  !Number of global edge 
------------------------------------ 
    1     1     1    57     3
    2     9     1     1     3
    3     2     1    58     3
    4    10     1     2     3
    5     3     1    59     3
    6    11     1     3     3
    7     4     1    60     3
    8    12     1     4     3
    9     5     1    61     3
   10    13     1     5     3
   11     6     1    62     3
   12    14     1     6     3
   13     7     1    63     3
   14    15     1     7     3
   15     8     1    64     3
   16    16     1     8     3
   17    17     1     9     3
   18    18     1    10     3
   19    19     1    11     3
   20    20     1    12     3
   21    21     1    13     3
   22    22     1    14     3
   23    23     1    15     3
   24    24     1    16     3
   25    25     1    17     3
   26    26     1    18     3
   27    27     1    19     3
   28    28     1    20     3
   29    29     1    21     3
   30    30     1    22     3
   31    31     1    23     3
   32    32     1    24     3
   33    33     1    25     3
   34    34     1    26     3
   35    35     1    27     3
   36    36     1    28     3
   37    37     1    29     3
   38    38     1    30     3
   39    39     1    31     3
   40    40     1    32     3
   41    41     1    33     3
   42    42     1    34     3
   43    43     1    35     3
   44    44     1    36     3
   45    45     1    37     3
   46    46     1    38     3
   47    47     1    39     3
   48    48     1    40     3
   49    49     1    41     3
   50    50     1    42     3
   51    51     1    43     3
   52    52     1    44     3
   53    53     1    45     3
   54    54     1    46     3
   55    55     1    47     3
   56    56     1    48     3
   57    57     1    49     3
   58    58     1    50     3
   59    59     1    51     3
   60    60     1    52     3
   61    61     1    53     3
   62    62     1    54     3
   63    63     1    55     3
   64    64     1    56     3
   65     1     2     2     4
   66     8     2     1     4
   67     2     2     3     4
   68     3     2     4     4
   69     4     2     5     4
   70     5     2     6     4
   71     6     2     7     4
   72     7     2     8     4
   73     9     2    10     4
   74    16     2     9     4
   75    10     2    11     4
   76    11     2    12     4
   77    12     2    13     4
   78    13     2    14     4
   79    14     2    15     4
   80    15     2    16     4
   81    17     2    18     4
   82    24     2    17     4
   83    18     2    19     4
   84    19     2    20     4
   85    20     2    21     4
   86    21     2    22     4
   87    22     2    23     4
   88    23     2    24     4
   89    25     2    26     4
   90    32     2    25     4
   91    26     2    27     4
   92    27     2    28     4
   93    28     2    29     4
   94    29     2    30     4
   95    30     2    31     4
   96    31     2    32     4
   97    33     2    34     4
   98    40     2    33     4
   99    34     2    35     4
  100    35     2    36     4
  101    36     2    37     4
  102    37     2    38     4
  103    38     2    39     4
  104    39     2    40     4
  105    41     2    42     4
  106    48     2    41     4
  107    42     2    43     4
  108    43     2    44     4
  109    44     2    45     4
  110    45     2    46     4
  111    46     2    47     4
  112    47     2    48     4
  113    49     2    50     4
  114    56     2    49     4
  115    50     2    51     4
  116    51     2    52     4
  117    52     2    53     4
  118    53     2    54     4
  119    54     2    55     4
  120    55     2    56     4
  121    57     2    58     4
  122    64     2    57     4
  123    58     2    59     4
  124    59     2    60     4
  125    60     2    61     4
  126    61     2    62     4
  127    62     2    63     4
  128    63     2    64     4
------------------------------------ 
  128 	  !Number of interior edge 
   64 	  !Number of interior edge 1 
   64 	  !Number of interior edge 2 
------------------------------------ 
     1 	     1 	     1 	    57 	     3 
     2 	     9 	     1 	     1 	     3 
     3 	     2 	     1 	    58 	     3 
     4 	    10 	     1 	     2 	     3 
     5 	     3 	     1 	    59 	     3 
     6 	    11 	     1 	     3 	     3 
     7 	     4 	     1 	    60 	     3 
     8 	    12 	     1 	     4 	     3 
     9 	     5 	     1 	    61 	     3 
    10 	    13 	     1 	     5 	     3 
    11 	     6 	     1 	    62 	     3 
    12 	    14 	     1 	     6 	     3 
    13 	     7 	     1 	    63 	     3 
    14 	    15 	     1 	     7 	     3 
    15 	     8 	     1 	    64 	     3 
    16 	    16 	     1 	     8 	     3 
    17 	    17 	     1 	     9 	     3 
    18 	    18 	     1 	    10 	     3 
    19 	    19 	     1 	    11 	     3 
    20 	    20 	     1 	    12 	     3 
    21 	    21 	     1 	    13 	     3 
    22 	    22 	     1 	    14 	     3 
    23 	    23 	     1 	    15 	     3 
    24 	    24 	     1 	    16 	     3 
    25 	    25 	     1 	    17 	     3 
    26 	    26 	     1 	    18 	     3 
    27 	    27 	     1 	    19 	     3 
    28 	    28 	     1 	    20 	     3 
    29 	    29 	     1 	    21 	     3 
    30 	    30 	     1 	    22 	     3 
    31 	    31 	     1 	    23 	     3 
    32 	    32 	     1 	    24 	     3 
    33 	    33 	     1 	    25 	     3 
    34 	    34 	     1 	    26 	     3 
    35 	    35 	     1 	    27 	     3 
    36 	    36 	     1 	    28 	     3 
    37 	    37 	     1 	    29 	     3 
    38 	    38 	     1 	    30 	     3 
    39 	    39 	     1 	    31 	     3 
    40 	    40 	     1 	    32 	     3 
    41 	    41 	     1 	    33 	     3 
    42 	    42 	     1 	    34 	     3 
    43 	    43 	     1 	    35 	     3 
    44 	    44 	     1 	    36 	     3 
    45 	    45 	     1 	    37 	     3 
    46 	    46 	     1 	    38 	     3 
    47 	    47 	     1 	    39 	     3 
    48 	    48 	     1 	    40 	     3 
    49 	    49 	     1 	    41 	     3 
    50 	    50 	     1 	    42 	     3 
    51 	    51 	     1 	    43 	     3 
    52 	    52 	     1 	    44 	     3 
    53 	    53 	     1 	    45 	     3 
    54 	    54 	     1 	    46 	     3 
    55 	    55 	     1 	    47 	     3 
    56 	    56 	     1 	    48 	     3 
    57 	    57 	     1 	    49 	     3 
    58 	    58 	     1 	    50 	     3 
    59 	    59 	     1 	    51 	     3 
    60 	    60 	     1 	    52 	     3 
    61 	    61 	     1 	    53 	     3 
    62 	    62 	     1 	    54 	     3 
    63 	    63 	     1 	    55 	     3 
    64 	    64 	     1 	    56 	     3 
    65 	     1 	     2 	     2 	     4 
    66 	     8 	     2 	     1 	     4 
    67 	     2 	     2 	     3 	     4 
    68 	     3 	     2 	     4 	     4 
    69 	     4 	     2 	     5 	     4 
    70 	     5 	     2 	     6 	     4 
    71 	     6 	     2 	     7 	     4 
    72 	     7 	     2 	     8 	     4 
    73 	     9 	     2 	    10 	     4 
    74 	    16 	     2 	     9 	     4 
    75 	    10 	     2 	    11 	     4 
    76 	    11 	     2 	    12 	     4 
    77 	    12 	     2 	    13 	     4 
    78 	    13 	     2 	    14 	     4 
    79 	    14 	     2 	    15 	     4 
    80 	    15 	     2 	    16 	     4 
    81 	    17 	     2 	    18 	     4 
    82 	    24 	     2 	    17 	     4 
    83 	    18 	     2 	    19 	     4 
    84 	    19 	     2 	    20 	     4 
    85 	    20 	     2 	    21 	     4 
    86 	    21 	     2 	    22 	     4 
    87 	    22 	     2 	    23 	     4 
    88 	    23 	     2 	    24 	     4 
    89 	    25 	     2 	    26 	     4 
    90 	    32 	     2 	    25 	     4 
    91 	    26 	     2 	    27 	     4 
    92 	    27 	     2 	    28 	     4 
    93 	    28 	     2 	    29 	     4 
    94 	    29 	     2 	    30 	     4 
    95 	    30 	     2 	    31 	     4 
    96 	    31 	     2 	    32 	     4 
    97 	    33 	     2 	    34 	     4 
    98 	    40 	     2 	    33 	     4 
    99 	    34 	     2 	    35 	     4 
   100 	    35 	     2 	    36 	     4 
   101 	    36 	     2 	    37 	     4 
   102 	    37 	     2 	    38 	     4 
   103 	    38 	     2 	    39 	     4 
   104 	    39 	     2 	    40 	     4 
   105 	    41 	     2 	    42 	     4 
   106 	    48 	     2 	    41 	     4 
   107 	    42 	     2 	    43 	     4 
   108 	    43 	     2 	    44 	     4 
   109 	    44 	     2 	    45 	     4 
   110 	    45 	     2 	    46 	     4 
   111 	    46 	     2 	    47 	     4 
   112 	    47 	     2 	    48 	     4 
   113 	    49 	     2 	    50 	     4 
   114 	    56 	     2 	    49 	     4 
   115 	    50 	     2 	    51 	     4 
   116 	    51 	     2 	    52 	     4 
   117 	    52 	     2 	    53 	     4 
   118 	    53 	     2 	    54 	     4 
   119 	    54 	     2 	    55 	     4 
   120 	    55 	     2 	    56 	     4 
   121 	    57 	     2 	    58 	     4 
   122 	    64 	     2 	    57 	     4 
   123 	    58 	     2 	    59 	     4 
   124 	    59 	     2 	    60 	     4 
   125 	    60 	     2 	    61 	     4 
   126 	    61 	     2 	    62 	     4 
   127 	    62 	     2 	    63 	     4 
   128 	    63 	     2 	    64 	     4 
------------------------------------ 
    0 	  !Number of outer edge 
    0 	  !Number of outer edge 1 
    0 	  !Number of outer edge 2 
    0 	  !Number of outer edge 3 
    0 	  !Number of outer edge 4 
------------------------------------ 
------------------------------------ 
