========= Input edge Parameters ========= 
  144 	  !Number of global edge 
------------------------------------ 
    1     9     1     1     3
    2    10     1     2     3
    3    11     1     3     3
    4    12     1     4     3
    5    13     1     5     3
    6    14     1     6     3
    7    15     1     7     3
    8    16     1     8     3
    9    17     1     9     3
   10    18     1    10     3
   11    19     1    11     3
   12    20     1    12     3
   13    21     1    13     3
   14    22     1    14     3
   15    23     1    15     3
   16    24     1    16     3
   17    25     1    17     3
   18    26     1    18     3
   19    27     1    19     3
   20    28     1    20     3
   21    29     1    21     3
   22    30     1    22     3
   23    31     1    23     3
   24    32     1    24     3
   25    33     1    25     3
   26    34     1    26     3
   27    35     1    27     3
   28    36     1    28     3
   29    37     1    29     3
   30    38     1    30     3
   31    39     1    31     3
   32    40     1    32     3
   33    41     1    33     3
   34    42     1    34     3
   35    43     1    35     3
   36    44     1    36     3
   37    45     1    37     3
   38    46     1    38     3
   39    47     1    39     3
   40    48     1    40     3
   41    49     1    41     3
   42    50     1    42     3
   43    51     1    43     3
   44    52     1    44     3
   45    53     1    45     3
   46    54     1    46     3
   47    55     1    47     3
   48    56     1    48     3
   49    57     1    49     3
   50    58     1    50     3
   51    59     1    51     3
   52    60     1    52     3
   53    61     1    53     3
   54    62     1    54     3
   55    63     1    55     3
   56    64     1    56     3
   57     1     2     2     4
   58     2     2     3     4
   59     3     2     4     4
   60     4     2     5     4
   61     5     2     6     4
   62     6     2     7     4
   63     7     2     8     4
   64     9     2    10     4
   65    10     2    11     4
   66    11     2    12     4
   67    12     2    13     4
   68    13     2    14     4
   69    14     2    15     4
   70    15     2    16     4
   71    17     2    18     4
   72    18     2    19     4
   73    19     2    20     4
   74    20     2    21     4
   75    21     2    22     4
   76    22     2    23     4
   77    23     2    24     4
   78    25     2    26     4
   79    26     2    27     4
   80    27     2    28     4
   81    28     2    29     4
   82    29     2    30     4
   83    30     2    31     4
   84    31     2    32     4
   85    33     2    34     4
   86    34     2    35     4
   87    35     2    36     4
   88    36     2    37     4
   89    37     2    38     4
   90    38     2    39     4
   91    39     2    40     4
   92    41     2    42     4
   93    42     2    43     4
   94    43     2    44     4
   95    44     2    45     4
   96    45     2    46     4
   97    46     2    47     4
   98    47     2    48     4
   99    49     2    50     4
  100    50     2    51     4
  101    51     2    52     4
  102    52     2    53     4
  103    53     2    54     4
  104    54     2    55     4
  105    55     2    56     4
  106    57     2    58     4
  107    58     2    59     4
  108    59     2    60     4
  109    60     2    61     4
  110    61     2    62     4
  111    62     2    63     4
  112    63     2    64     4
  113     1     1    -1     3
  114     2     1    -1     3
  115     3     1    -1     3
  116     4     1    -1     3
  117     5     1    -1     3
  118     6     1    -1     3
  119     7     1    -1     3
  120     8     1    -1     3
  121     8     2    -2     4
  122    16     2    -2     4
  123    24     2    -2     4
  124    32     2    -2     4
  125    40     2    -2     4
  126    48     2    -2     4
  127    56     2    -2     4
  128    64     2    -2     4
  129    57     3    -3     1
  130    58     3    -3     1
  131    59     3    -3     1
  132    60     3    -3     1
  133    61     3    -3     1
  134    62     3    -3     1
  135    63     3    -3     1
  136    64     3    -3     1
  137     1     4    -4     2
  138     9     4    -4     2
  139    17     4    -4     2
  140    25     4    -4     2
  141    33     4    -4     2
  142    41     4    -4     2
  143    49     4    -4     2
  144    57     4    -4     2
------------------------------------ 
  112 	  !Number of interior edge 
   56 	  !Number of interior edge 1 
   56 	  !Number of interior edge 2 
------------------------------------ 
     1 	     9 	     1 	     1 	     3 
     2 	    10 	     1 	     2 	     3 
     3 	    11 	     1 	     3 	     3 
     4 	    12 	     1 	     4 	     3 
     5 	    13 	     1 	     5 	     3 
     6 	    14 	     1 	     6 	     3 
     7 	    15 	     1 	     7 	     3 
     8 	    16 	     1 	     8 	     3 
     9 	    17 	     1 	     9 	     3 
    10 	    18 	     1 	    10 	     3 
    11 	    19 	     1 	    11 	     3 
    12 	    20 	     1 	    12 	     3 
    13 	    21 	     1 	    13 	     3 
    14 	    22 	     1 	    14 	     3 
    15 	    23 	     1 	    15 	     3 
    16 	    24 	     1 	    16 	     3 
    17 	    25 	     1 	    17 	     3 
    18 	    26 	     1 	    18 	     3 
    19 	    27 	     1 	    19 	     3 
    20 	    28 	     1 	    20 	     3 
    21 	    29 	     1 	    21 	     3 
    22 	    30 	     1 	    22 	     3 
    23 	    31 	     1 	    23 	     3 
    24 	    32 	     1 	    24 	     3 
    25 	    33 	     1 	    25 	     3 
    26 	    34 	     1 	    26 	     3 
    27 	    35 	     1 	    27 	     3 
    28 	    36 	     1 	    28 	     3 
    29 	    37 	     1 	    29 	     3 
    30 	    38 	     1 	    30 	     3 
    31 	    39 	     1 	    31 	     3 
    32 	    40 	     1 	    32 	     3 
    33 	    41 	     1 	    33 	     3 
    34 	    42 	     1 	    34 	     3 
    35 	    43 	     1 	    35 	     3 
    36 	    44 	     1 	    36 	     3 
    37 	    45 	     1 	    37 	     3 
    38 	    46 	     1 	    38 	     3 
    39 	    47 	     1 	    39 	     3 
    40 	    48 	     1 	    40 	     3 
    41 	    49 	     1 	    41 	     3 
    42 	    50 	     1 	    42 	     3 
    43 	    51 	     1 	    43 	     3 
    44 	    52 	     1 	    44 	     3 
    45 	    53 	     1 	    45 	     3 
    46 	    54 	     1 	    46 	     3 
    47 	    55 	     1 	    47 	     3 
    48 	    56 	     1 	    48 	     3 
    49 	    57 	     1 	    49 	     3 
    50 	    58 	     1 	    50 	     3 
    51 	    59 	     1 	    51 	     3 
    52 	    60 	     1 	    52 	     3 
    53 	    61 	     1 	    53 	     3 
    54 	    62 	     1 	    54 	     3 
    55 	    63 	     1 	    55 	     3 
    56 	    64 	     1 	    56 	     3 
    57 	     1 	     2 	     2 	     4 
    58 	     2 	     2 	     3 	     4 
    59 	     3 	     2 	     4 	     4 
    60 	     4 	     2 	     5 	     4 
    61 	     5 	     2 	     6 	     4 
    62 	     6 	     2 	     7 	     4 
    63 	     7 	     2 	     8 	     4 
    64 	     9 	     2 	    10 	     4 
    65 	    10 	     2 	    11 	     4 
    66 	    11 	     2 	    12 	     4 
    67 	    12 	     2 	    13 	     4 
    68 	    13 	     2 	    14 	     4 
    69 	    14 	     2 	    15 	     4 
    70 	    15 	     2 	    16 	     4 
    71 	    17 	     2 	    18 	     4 
    72 	    18 	     2 	    19 	     4 
    73 	    19 	     2 	    20 	     4 
    74 	    20 	     2 	    21 	     4 
    75 	    21 	     2 	    22 	     4 
    76 	    22 	     2 	    23 	     4 
    77 	    23 	     2 	    24 	     4 
    78 	    25 	     2 	    26 	     4 
    79 	    26 	     2 	    27 	     4 
    80 	    27 	     2 	    28 	     4 
    81 	    28 	     2 	    29 	     4 
    82 	    29 	     2 	    30 	     4 
    83 	    30 	     2 	    31 	     4 
    84 	    31 	     2 	    32 	     4 
    85 	    33 	     2 	    34 	     4 
    86 	    34 	     2 	    35 	     4 
    87 	    35 	     2 	    36 	     4 
    88 	    36 	     2 	    37 	     4 
    89 	    37 	     2 	    38 	     4 
    90 	    38 	     2 	    39 	     4 
    91 	    39 	     2 	    40 	     4 
    92 	    41 	     2 	    42 	     4 
    93 	    42 	     2 	    43 	     4 
    94 	    43 	     2 	    44 	     4 
    95 	    44 	     2 	    45 	     4 
    96 	    45 	     2 	    46 	     4 
    97 	    46 	     2 	    47 	     4 
    98 	    47 	     2 	    48 	     4 
    99 	    49 	     2 	    50 	     4 
   100 	    50 	     2 	    51 	     4 
   101 	    51 	     2 	    52 	     4 
   102 	    52 	     2 	    53 	     4 
   103 	    53 	     2 	    54 	     4 
   104 	    54 	     2 	    55 	     4 
   105 	    55 	     2 	    56 	     4 
   106 	    57 	     2 	    58 	     4 
   107 	    58 	     2 	    59 	     4 
   108 	    59 	     2 	    60 	     4 
   109 	    60 	     2 	    61 	     4 
   110 	    61 	     2 	    62 	     4 
   111 	    62 	     2 	    63 	     4 
   112 	    63 	     2 	    64 	     4 
------------------------------------ 
   32 	  !Number of outer edge 
    8 	  !Number of outer edge 1 
    8 	  !Number of outer edge 2 
    8 	  !Number of outer edge 3 
    8 	  !Number of outer edge 4 
------------------------------------ 
  113     1     1    -1     3
  114     2     1    -1     3
  115     3     1    -1     3
  116     4     1    -1     3
  117     5     1    -1     3
  118     6     1    -1     3
  119     7     1    -1     3
  120     8     1    -1     3
  121     8     2    -2     4
  122    16     2    -2     4
  123    24     2    -2     4
  124    32     2    -2     4
  125    40     2    -2     4
  126    48     2    -2     4
  127    56     2    -2     4
  128    64     2    -2     4
  129    57     3    -3     1
  130    58     3    -3     1
  131    59     3    -3     1
  132    60     3    -3     1
  133    61     3    -3     1
  134    62     3    -3     1
  135    63     3    -3     1
  136    64     3    -3     1
  137     1     4    -4     2
  138     9     4    -4     2
  139    17     4    -4     2
  140    25     4    -4     2
  141    33     4    -4     2
  142    41     4    -4     2
  143    49     4    -4     2
  144    57     4    -4     2
------------------------------------ 
