  1.5399147E-12 -3.3982618E-13 -2.9782099E-13  5.7692739E-13 -1.3094148E-13
  7.9859426E-13  1.8359158E-04 -1.5380466E-04 -2.1073525E-04 -6.2212668E-05
  1.1382484E-05  1.1526246E-04  7.9071416E-30 -2.2026468E-29 -3.6248496E-31
  4.6196379E-30  8.0586307E-31  6.2800292E-31 -2.9068993E-08  4.2257589E-09
  1.9764187E-08  4.6667084E-09  2.2419735E-09  2.9819855E-09  1.4269270E-04
  1.3178831E-05 -4.0584160E-05  4.8101701E-05 -5.3895423E-05 -2.1088659E-05
  8.9397661E-05 -9.6761127E-05 -1.7977640E-05 -3.6603662E-05 -2.9304729E-05
  1.3990885E-05  1.0649971E-05 -1.3530318E-06  9.0257699E-06  5.0217841E-07
  7.6011850E-07 -5.5127794E-07  6.5568316E-15 -3.9737623E-15  9.7134075E-16
  1.0077104E-16  3.7733269E-16  6.3907905E-16  0.7498795      4.6589751E-02
  8.2227163E-02  1.9498558E-03  1.0772050E-02  1.2294809E-02  1.9616816E-02
  9.8205293E-03 -8.6462619E-03 -2.1079686E-03  1.1954687E-03 -2.4096637E-03
  1.4231926E-09 -2.1640723E-09 -1.3061474E-09  5.2248783E-10 -4.0358597E-10
  3.1030190E-10 -1.2863232E-07 -6.2770717E-08 -2.9063996E-08  3.9978318E-08
 -1.7469327E-08 -1.5274082E-08  5.8673805E-07 -2.7890982E-07 -3.0009812E-07
  2.0243071E-08 -1.0161302E-07  3.2151397E-07 -2.9949655E-05  3.3473400E-05
  2.8402024E-05  3.9112442E-06  6.9915063E-06 -4.2818274E-06  1.2162243E-16
  7.6672443E-16 -7.0852734E-16 -3.0397276E-16  2.6526436E-16  3.3182304E-17
 -3.4503430E-14  4.1832209E-15  2.1109936E-14 -8.6372576E-15  5.0571031E-15
  3.7827035E-15 -1.0980365E-06  1.9566660E-06  1.4022368E-06  4.7529184E-07
  1.1397884E-06  2.3915041E-08  1.7867664E-04 -1.1084235E-04  2.9228135E-05
  2.4349965E-05  9.7259617E-06 -3.8465428E-06  7.2914618E-03 -9.6509885E-03
 -1.8467134E-03 -5.7573626E-03 -2.8048079E-03  4.5073321E-04  7.0017762E-02
 -5.9688900E-04 -3.1414129E-02  2.1584681E-03 -3.7215764E-03 -2.9344442E-03
  2.4029236E-02 -1.5942359E-02 -1.0687459E-02 -1.7953771E-03 -5.0537162E-03
  1.0267514E-03  0.4735397      1.2874611E-02  0.1289586      3.5378188E-03
  6.1671005E-04 -1.2683263E-04  2.9729024E-18  1.6346613E-19  7.8828880E-19
 -2.2405756E-20  8.3203218E-19  2.8050433E-18  4.7224175E-10 -2.9787964E-10
 -1.6721474E-10  2.2367279E-10  8.7819604E-12 -1.4553041E-11 -3.4853706E-10
 -6.9388411E-09 -9.9599475E-09  2.5537390E-09  5.5932512E-09  2.8084185E-10
  1.5952439E-15 -1.0623455E-15 -2.2150930E-14 -4.2070373E-15 -3.3175583E-15
  2.5023195E-14  1.3774711E-05  6.6118911E-05  1.2635454E-04 -1.9311419E-05
 -5.4028787E-05 -3.1369059E-06  1.6710947E-05  8.3411151E-06  5.0219237E-06
  5.4691413E-06 -1.8652995E-06  1.5182586E-06 -1.5562161E-12 -1.4738509E-12
  1.7860362E-12 -1.7058821E-12  5.9334102E-13 -5.2044914E-13  3.0691002E-08
 -1.4978712E-08  3.7189832E-08  2.4422009E-09  9.0483609E-10 -4.2854289E-08
  1.2818709E-13 -2.1985483E-13 -1.7886746E-13  3.8366283E-13 -1.0826326E-12
 -3.9748215E-13 -1.0637840E-16  9.0416962E-17 -1.0643348E-16 -1.9140635E-17
 -2.2396588E-17  8.9536935E-17 -7.0758942E-06  6.9634903E-06 -7.6719052E-06
 -4.7862013E-06  2.0067853E-06 -1.7822583E-06 -9.7201419E-06  2.7824176E-06
  2.2478389E-06  2.0480846E-07 -1.8088475E-06 -5.0923527E-06  5.2343462E-02
 -1.4888614E-02  2.3386009E-02 -1.1236792E-03  1.4730126E-03 -6.2713772E-03
  2.4115790E-04  9.2446535E-05  5.8898604E-06  4.3971315E-05 -2.8487031E-05
  1.1758573E-05  4.0205350E-07 -1.6727513E-07 -2.5661441E-07  5.8075454E-08
 -3.0479612E-08  3.6279612E-08 -1.3626410E-06 -2.1551725E-06  1.5148305E-05
  3.5480286E-06 -6.5478616E-06 -8.4777539E-06  1.6252396E-09 -1.9229522E-09
  1.8454992E-09 -3.1625952E-10  1.3877491E-09  3.5707457E-09  1.4030657E-07
 -3.2236201E-07  6.5473799E-08 -8.0436408E-08  2.9190746E-08 -9.6274938E-08
 -5.7437348E-05  3.8214569E-04  1.6593488E-04 -1.3219673E-04 -1.9771764E-04
 -1.0729589E-04  3.7362206E-05 -2.5769612E-05  2.3163493E-05  1.0849331E-05
  1.8880075E-05  1.0457894E-04  0.4736194      1.3291975E-02 -0.1272602    
  3.7250016E-03  1.3910279E-03 -9.5040462E-04  0.7485933      4.7799222E-02
 -8.3799236E-02 -2.8969460E-05  1.0792433E-02  6.9873445E-03 -7.3446863E-04
  5.0922466E-04  2.5627940E-04  9.4369025E-05 -1.7285043E-04 -2.0071039E-04
  0.2318743      9.6896961E-03  6.8512902E-02  6.7486833E-03 -1.6014721E-03
 -2.3112805E-03  1.2742983E-06  4.4889630E-06 -6.9427156E-06  3.9534424E-07
 -3.1932407E-06 -3.1355382E-06  2.3748892E-04 -3.4274717E-04  1.4206360E-04
 -1.1625378E-04  1.7894417E-05 -8.9342589E-05 -1.7974164E-13  4.0718939E-13
  1.2428364E-13 -1.0921225E-13 -3.1819968E-15  1.7342010E-14  6.6395331E-12
  3.0800065E-12  7.5488331E-12  1.2059357E-12  1.8466953E-12  4.6333098E-13
  4.3876463E-15  3.5100901E-15 -6.0441137E-15  3.3069731E-15 -3.9083649E-16
  8.9336751E-15  1.7701945E-12 -1.9050969E-13 -2.2422236E-12  9.7118778E-14
 -5.6406339E-13 -3.8461731E-13  1.3406246E-07 -1.0977158E-07  2.4154984E-08
  2.3351358E-08 -1.2196857E-08  3.2125939E-08  8.4851809E-10 -5.0220295E-10
 -1.6388686E-10  5.0485560E-10  5.0165433E-10  4.8766520E-12 -3.0085422E-16
  8.6313367E-16 -2.9342862E-16  5.7072266E-17 -1.2506183E-16  6.9800743E-17
  3.6496403E-13 -6.7104856E-13  9.3705561E-14 -1.3594705E-13  1.9868615E-14
 -9.9057576E-14  1.2318977E-06 -3.6148072E-07  8.2079168E-08  2.0014114E-07
  6.4996406E-08  8.7133992E-07 -1.3559305E-06  1.2540189E-06  3.1049497E-06
 -2.4913396E-07  1.7031774E-06  6.8753195E-08 -2.1518225E-09 -1.7502070E-09
  4.1720742E-09 -1.3230151E-09 -5.8093708E-10 -3.3080103E-09  1.6622764E-08
 -2.3857474E-09 -1.6615738E-08  4.0263202E-09 -9.1947454E-09  2.1524674E-08
  1.8907514E-11 -7.3283098E-12 -2.7059667E-11 -2.5768688E-12 -9.0451587E-12
 -6.9943774E-13  5.8317288E-11  7.8274137E-11  1.5410448E-10  1.4773809E-11
 -3.7317899E-11  5.0571734E-11 -7.4713392E-21 -2.3576566E-21 -3.5031834E-21
 -5.4958225E-22  5.1633584E-22  5.9788740E-22  7.5161897E-23 -5.8231838E-24
 -5.5099441E-23  6.3486394E-24  3.0839186E-24  6.7999835E-23  4.2344755E-03
 -7.3723514E-03  8.5811462E-04 -4.0636668E-03  1.5176322E-04 -1.6928409E-03
 -7.9642044E-04  2.6561576E-04  5.8084104E-04 -1.9649995E-04 -6.8124064E-04
 -1.4295895E-04  1.1329865E-06  8.1040220E-08 -1.6095902E-07 -8.2848388E-08
  1.5598221E-07  1.5020936E-07  7.5616495E-06 -8.4179301E-06  2.1790127E-05
 -1.1068158E-07  1.7504880E-06 -7.4868058E-06 -7.5408893E-06  1.4545013E-06
  2.4819403E-06 -7.4709010E-06 -3.2629316E-06  8.4514289E-07  4.6287434E-05
 -1.3163062E-04 -3.6496294E-05  7.7995268E-05  1.8341541E-05  3.9564316E-06
  1.2096934E-04 -2.8526503E-05 -2.3628305E-05 -6.7402275E-06  2.3497914E-05
  3.0637872E-05 -2.3889581E-07  8.5289676E-06 -1.4554323E-05 -3.0257438E-06
 -1.3227094E-06 -1.1891174E-05  2.2215224E-04 -8.4510226E-05  3.2187395E-06
  2.3821774E-05  2.3268436E-05 -1.6503931E-05  0.6679776      2.0288065E-02
  7.9025365E-02  1.1746175E-02  8.8714540E-04  9.9287732E-03  4.1625034E-02
  2.0641267E-02 -7.9240855E-03 -4.0981388E-03  1.4603629E-03 -2.1657657E-03
  4.1305460E-04 -4.7760445E-04  8.6744287E-05 -3.9004524E-05 -1.6182898E-05
  1.0507925E-04  1.2686503E-02  6.0999687E-03  1.3042268E-02  7.8286968E-05
 -5.9775990E-03 -1.8646207E-03 -4.8322676E-08 -3.1728852E-08  3.1888707E-08
 -5.4444369E-09 -4.2102997E-09 -1.2666633E-08 -4.9159532E-08  1.5346354E-08
 -4.0018108E-08 -8.9752324E-11 -1.3749452E-08 -4.4721098E-08  8.7199375E-08
 -9.5536663E-09 -8.8576101E-08 -4.8461355E-09 -7.1666872E-09 -7.3866127E-09
  2.8420442E-07 -4.3267445E-07 -8.4134780E-07 -6.0815282E-08  3.7415717E-07
  2.3259595E-07  4.0227596E-10  5.4533073E-10 -9.1940455E-10 -2.6366046E-11
 -6.1055799E-11 -2.7359881E-10 -2.2051935E-08  1.2107074E-08 -1.1769935E-08
  1.9134341E-09  1.8192684E-09 -1.3829264E-10 -4.4558649E-14 -6.8066050E-13
  7.4674546E-12 -1.0518404E-12  2.1710272E-12  3.3303037E-12 -1.6956319E-09
  5.1394022E-09 -1.9682642E-09  1.8470048E-09 -7.0829703E-11  1.0087828E-09
  8.3569479E-10 -1.9702464E-09 -5.0225368E-10 -4.3665568E-10  1.5263324E-10
  1.2322296E-10  6.2479172E-05  1.0316997E-04  6.0014572E-06  9.1241367E-05
  1.4476567E-06  3.5442728E-05 -3.3532895E-05  1.2874001E-04  7.5968186E-05
  3.7203594E-05  9.6467738E-05 -9.7006123E-06  0.6647536      9.8905675E-02
  7.4371442E-02  3.8698448E-03  4.4144634E-03  4.7721318E-03  4.2570066E-02
  1.3192344E-02 -3.0491123E-02 -2.2444357E-04 -2.1654416E-03 -8.6913882E-03
  0.6649237     -0.1124241     -4.8214406E-02  3.0103140E-03  5.0584637E-03
  4.2131804E-03  0.1769538      5.4192621E-02 -6.5188743E-02 -2.6852491E-03
  9.6186594E-04 -1.0263625E-02  0.6693769     -7.8549355E-02  2.2246540E-02
 -2.0597734E-04  9.9744620E-03  8.2693957E-03 -1.1512647E-05 -1.1314877E-05
 -7.0246126E-05  3.7330410E-06 -3.3870449E-06 -9.0574355E-07  4.2575953E-04
 -2.4632813E-05  8.6911466E-05 -3.5153680E-05  7.4553529E-05  4.7564725E-05
  7.8099929E-03  2.6380995E-03  8.5965358E-03  3.8143195E-04 -2.3401496E-03
 -1.1139055E-03 -5.7934049E-06 -2.7147069E-05  4.5840425E-05 -9.0629135E-07
  3.3206243E-06  1.4591366E-05  4.1132598E-04 -9.9179219E-05  2.4416720E-04
  1.0215166E-05 -2.4404069E-05 -2.0947957E-05  1.3893321E-06  1.9000655E-06
 -5.4131448E-07  7.3130951E-07  1.0002861E-06 -3.8694026E-07  1.1618309E-06
 -1.2384867E-06 -1.3226788E-05 -5.5672867E-06 -3.0013530E-06  1.4084295E-05
  5.4246574E-10  5.4197813E-10 -7.6973367E-10  8.7821805E-11 -9.6300475E-11
 -3.5361244E-10 -1.9003365E-06  2.3994485E-06  7.7452557E-07 -1.1082273E-06
  5.8690990E-08 -1.7395070E-07 -2.3446856E-28 -9.3364732E-29  7.7731308E-28
 -1.9808413E-28  6.2272744E-28  3.2411877E-28 -4.0302126E-11 -2.4781538E-10
 -2.5604836E-11 -1.5465605E-10 -5.9251448E-13 -4.0622752E-11  4.3600147E-13
  9.6473437E-13  1.3104871E-12 -2.6670384E-13 -1.2329345E-13  9.5426102E-14
  9.4989395E-22 -3.7985702E-22  2.2897762E-22 -2.3962634E-23  2.0240259E-23
  3.1180728E-22  2.1277919E-12 -1.8659020E-12 -1.7945697E-13  8.3295073E-13
  6.0035215E-14  2.8626591E-13 -5.1929255E-12 -1.4639245E-11 -2.5053168E-11
  1.0626902E-12  1.4972563E-11  3.5667762E-12 -3.5234111E-14  3.1127759E-14
 -3.1029612E-14  5.1737200E-15  1.0114716E-15  2.1377765E-14 -2.9790091E-14
 -1.6719148E-14 -4.2753598E-15 -3.8171542E-16 -1.3309383E-14 -1.3534890E-14
  8.3457758E-13  3.4993338E-13 -8.7446234E-13  5.2820937E-13 -8.8849196E-14
  5.0963037E-13  3.9101986E-12 -5.3128228E-11 -1.2859031E-11 -5.0712516E-12
  1.5120728E-11 -1.6493105E-11 -1.2820231E-10 -9.5814806E-12 -5.4056228E-11
 -1.9526551E-11  1.9498929E-11 -7.4120692E-12  3.2375145E-15 -4.5598291E-15
  7.1368269E-15  1.3505785E-14  2.1949540E-15 -9.6181724E-16 -4.1151283E-15
  5.4329646E-15 -3.7629307E-15 -1.1619704E-15 -2.2963184E-15  2.1154743E-15
 -8.2657756E-17  4.2611306E-17 -1.4533740E-17 -1.8758453E-17 -2.4564530E-18
 -1.0645989E-17 -4.8232441E-06  4.9275527E-06  8.6968712E-06 -1.1151976E-06
 -5.2585665E-06 -1.9068247E-06  2.1870017E-06  7.3390135E-07 -3.4193377E-08
  1.2025598E-06  3.8455278E-07  2.9521129E-07 -2.9833998E-07  7.2725555E-08
 -1.2661130E-07 -8.7260537E-09 -1.5876818E-08 -1.3589877E-07  1.9174508E-06
  5.4298965E-07  3.4523265E-07  3.9403304E-07  9.4252368E-07  6.4784032E-08
  1.1067713E-08  5.5144127E-08 -9.6595876E-08  1.4732813E-08  2.5559620E-08
  5.7815210E-08  1.9973832E-10  1.8683331E-11 -2.2295737E-10  6.5617715E-12
 -8.4324986E-12  1.8804363E-11 -3.8004595E-09  1.6112504E-09 -4.7754454E-09
 -1.4831000E-09  6.4062700E-10  3.8296863E-09 -1.0286957E-10 -3.0621666E-12
 -9.8113143E-11 -1.8498134E-11 -2.0272352E-11  1.8535824E-11 -2.1510666E-14
  8.3951426E-15  1.1135524E-14  4.1979546E-15 -4.7118092E-16 -4.3194123E-15
  3.0273577E-12  3.3678524E-12  1.2567384E-12  6.8501769E-13 -1.2961477E-12
  3.2768946E-12  4.9885743E-23  3.0423456E-23 -5.5613867E-23  6.2624278E-23
 -3.6496220E-24  6.3440762E-23  8.6657563E-23 -1.3699866E-22 -3.0062031E-23
  1.8793936E-23 -1.1923602E-24  2.6341017E-23 -8.9815612E-06  2.4147696E-06
  1.6379807E-06 -1.8566675E-07 -1.4182775E-06 -6.6168604E-06  1.0188103E-04
 -6.4805266E-05 -2.5429672E-05 -4.4684457E-06 -7.6153935E-07  1.7303786E-06
  2.8022512E-05 -2.6333108E-04  2.4835914E-04  2.4023797E-05 -4.3388563E-06
 -3.9086462E-06 -3.2297158E-04  3.5984846E-04  3.0170727E-04 -9.9150537E-05
  6.0749567E-06 -1.8910414E-05  0.2385944     -1.2982646E-02  9.1394827E-02
  3.7005728E-03 -6.5368024E-04 -8.6060427E-03  7.1676304E-03  6.9093020E-03
 -5.5628009E-03 -3.6893354E-03  8.2647748E-04 -3.6911280E-03  2.5700650E-04
 -3.2655696E-06  2.8311766E-05  9.2132850E-06  8.0940852E-05 -2.7157195E-05
 -9.0218754E-04  6.2369932E-06 -4.3305452E-04 -2.2951490E-05 -1.5666096E-04
 -1.2052203E-04  6.9228099E-07  3.2959443E-07 -1.9610572E-07  6.6117667E-09
 -2.7497684E-08 -1.8466429E-07  3.0221395E-07  1.7073749E-07 -4.7254923E-07
  6.9996204E-08 -1.2424452E-07 -1.5810851E-07  1.4927543E-06 -2.7110548E-07
  1.3532429E-07  5.5870242E-07  3.6508763E-07 -5.5079564E-08 -4.3285550E-07
 -1.7497578E-07 -2.1272422E-06 -2.8196743E-07  8.3945923E-07  2.4427490E-07
 -9.4409848E-11 -3.9916692E-09  7.8392723E-09 -1.3160633E-09  4.5019424E-09
  6.5931296E-09  4.1046445E-07 -5.4318411E-07  1.4105244E-07 -5.7569853E-08
  4.8204296E-08 -1.2920545E-07  9.6702024E-05 -2.2606689E-06  4.6241683E-05
  4.3482223E-06  5.2885771E-05  1.3368870E-05 -3.3695205E-06 -1.8736292E-06
  3.0111457E-06 -5.3000758E-07  3.9447841E-09 -1.2877235E-06  2.1174285E-06
  4.0955542E-06 -6.7389860E-06 -4.9431713E-07 -1.6318916E-06 -6.4640722E-06
  1.5201463E-04 -8.8344159E-06 -6.0387952E-06  5.7648827E-05  1.1850309E-05
  1.2184230E-05  4.9616415E-02  1.7174769E-02  2.9863574E-02 -1.7760610E-03
 -6.9452468E-03  1.5493408E-04 -7.4041731E-05  1.7703809E-04 -4.5928973E-04
 -4.5430814E-04 -9.7779593E-05 -1.6406510E-03 -1.7353553E-04 -4.2172887E-05
 -2.0007831E-04 -4.2504897E-05  2.3783289E-04 -4.7288110E-04  1.8201608E-04
 -7.4790689E-05  2.1167345E-05  8.4275773E-05 -1.6656899E-05 -8.8293404E-05
 -1.1151398E-07  2.9943675E-07  1.2451698E-06 -1.0614338E-07  8.1005032E-07
 -3.5803009E-08  2.2248327E-05 -2.9208704E-05  2.1639973E-05  1.3985643E-06
 -1.3197284E-06 -1.6064832E-05  4.0673893E-07 -7.2917487E-07  1.1482801E-06
  1.5130004E-08  3.7613276E-07  1.1382468E-06 -8.7711196E-06 -1.2211567E-05
  1.2945655E-06 -1.3064454E-05 -7.7840758E-07 -4.5244537E-06  2.4384655E-02
 -1.1989179E-03 -1.9387038E-02  1.0235378E-03 -6.0775741E-03 -2.6714182E-03
  0.2294559     -6.3583314E-02  2.7468020E-02 -3.6394387E-03  5.5885348E-03
  4.8663886E-05  0.2350249      7.2104342E-02 -7.1138002E-02 -2.9576796E-03
  2.8039736E-03 -7.6009510E-03  0.4572861     -1.8402504E-02 -6.7650333E-02
  1.0895407E-02 -1.8729136E-03  8.3982823E-03  0.7569575     -5.1818755E-02
 -7.8191377E-02  3.2776229E-03  5.4682656E-03  1.1961481E-02  0.7562854    
  9.4235718E-02  6.0679852E-03  9.0036513E-03  3.5809116E-03  1.3353949E-02
  4.4004214E-03 -4.1236891E-03 -1.1741718E-03 -1.9546815E-03 -5.1546254E-04
 -8.4323990E-05  5.1881075E-03  2.5905161E-03  3.3877478E-03 -9.2704827E-04
 -1.9915339E-03  4.2232155E-04  4.4084286E-06  3.6432748E-08 -6.6390912E-06
  2.4161102E-07 -2.0317818E-06 -5.6162442E-08  2.0522910E-05  7.5074371E-05
 -9.4037723E-06  1.2047833E-04 -3.5268995E-06  3.1450323E-05 -4.1865569E-08
  2.4451449E-08  2.7452286E-08 -5.3021916E-09  4.5453696E-10 -4.3859472E-09
  2.1558300E-07  1.1109739E-08  3.3500356E-07 -1.5059772E-09 -4.2823441E-08
 -5.1991279E-08  1.0005389E-09  1.9416009E-10 -1.0241762E-09  2.4999704E-11
  2.3658391E-12  4.9136939E-10 -5.2640285E-08 -9.7177217E-09 -1.7430782E-08
 -5.4693512E-08 -2.1979389E-09 -1.1892675E-08 -1.7819973E-09 -4.0257664E-09
  9.1474179E-09  6.2642064E-10  7.3822370E-10  3.0883460E-09 -1.2314293E-08
 -4.0486583E-09  1.6365725E-08 -6.4760908E-10  7.1305667E-10 -1.1159685E-09
 -1.3931431E-06 -1.9923104E-06 -1.0904422E-06 -9.4279727E-07  7.2495800E-07
 -1.8789707E-06  2.6166543E-07 -1.0565736E-07 -4.4909440E-10  4.3600206E-08
  1.1297750E-07 -2.1990484E-08  3.6188236E-11  3.6519839E-11 -6.5319881E-11
  1.3152368E-11 -5.8040768E-12  2.7192502E-11  5.0993032E-09 -3.7695312E-08
  9.2966195E-09 -1.9848621E-08  1.7330464E-08 -2.2838401E-08 -1.5745471E-11
 -6.3833287E-13  2.2778933E-11 -8.5847963E-13  7.8183085E-12  4.9455704E-12
  1.8823596E-09 -1.6965251E-09  1.1952219E-09  9.2501506E-11  3.6458705E-10
 -3.5682811E-11 -5.3976346E-12 -1.4122001E-11  2.7021748E-11  1.8605571E-12
  6.7251825E-12  2.2497648E-11  3.4398276E-10 -1.0382301E-09  7.8072597E-11
 -2.7877500E-10 -3.7992474E-11 -3.7374211E-11 -1.4593131E-10 -2.3682101E-11
 -2.4159657E-11 -1.5980481E-11 -1.1364355E-11  1.8759834E-11 -9.7557544E-12
 -1.3847827E-11  3.6635930E-11 -3.0219902E-12  1.3611084E-11  1.3597076E-11
 -5.2555862E-11 -1.5117790E-10 -6.3612375E-12 -1.8868322E-10 -2.8939494E-12
 -7.1402759E-11 -2.2846677E-10  2.5830203E-11 -7.2460593E-11 -5.9339325E-11
 -1.6832742E-10 -3.8873283E-11 -7.2102628E-21  1.2986681E-19 -3.0962448E-19
 -9.9313332E-21 -9.6940695E-20 -2.2419164E-19  5.9204937E-12  1.7122387E-12
  2.0568477E-12  6.2385717E-12 -2.2870632E-13  1.8871584E-12  1.0662409E-06
 -1.2025454E-05  8.9994810E-06  9.4114230E-06 -6.4649239E-06  1.6234088E-06
 -9.9428064E-07 -8.5328331E-08  6.9020996E-07 -4.5140243E-07 -9.5704945E-07
 -4.4840499E-06  7.4125968E-02 -7.4471985E-03  4.1289579E-02  1.3393556E-03
 -2.7671910E-03 -8.4720589E-03  4.3151127E-03  2.5804734E-03  1.6892599E-03
 -7.8131340E-04 -1.7177929E-04  3.9174277E-04  0.2207731      4.8361566E-02
 -3.3272304E-02 -3.1214531E-03  5.5109649E-03 -1.9405408E-04  0.2200724    
  4.6731131E-03 -5.9063856E-02  5.9402296E-03 -4.1078599E-03  1.6963249E-03
  0.4595382      6.7398131E-02 -1.8976413E-02 -2.6792092E-03  9.1381902E-03
  6.8807802E-03  0.2339541      2.4510983E-02 -9.6991435E-02  1.6935539E-03
 -4.4840397E-03 -9.8626204E-03  6.4054090E-03  1.3439831E-03 -8.3660474E-03
  5.8449729E-04 -2.5598281E-03 -2.5734215E-03  0.2391283     -7.2272576E-02
  5.6981899E-02 -3.1929873E-03  2.9233724E-03 -9.7570820E-03  1.2011441E-02
  5.9807627E-03 -1.3399604E-02 -3.1618842E-05 -1.5669047E-03 -4.6243388E-03
  0.2036291     -7.9421461E-02 -2.3361765E-04 -7.0863776E-03 -9.6361147E-04
  2.2442210E-03  4.8531091E-04 -9.1745715E-05 -1.6084120E-04 -5.5304577E-06
  3.4102537E-05 -7.2104558E-06 -4.7115126E-04  2.4179290E-05 -2.9484730E-04
  2.6764841E-05 -1.1483952E-04 -6.8167021E-05  1.0683922E-05 -2.2600987E-06
 -8.9549894E-06  8.3714646E-08 -4.9705877E-06  1.8645479E-06  1.9247983E-04
 -9.0554735E-05  7.4836098E-05  3.1550542E-06  2.1167946E-06 -2.6139413E-05
  7.9265425E-05  1.0848320E-04 -2.2755250E-04 -1.3364767E-05 -2.0460253E-05
 -5.7822584E-05  2.2869672E-04 -5.2101100E-06 -3.1456086E-04  4.3979394E-06
 -7.2572235E-05 -2.0963378E-05  6.1706451E-06 -2.7421261E-06 -8.8025954E-06
 -2.8541166E-07 -3.5148128E-06 -1.0233464E-06 -8.2334554E-05  5.2397230E-05
 -5.2755386E-05 -6.1453579E-06 -4.0721684E-06  9.6428721E-06 -5.4368534E-06
  2.3997416E-06 -1.6409614E-06 -9.6134534E-07 -3.7478185E-07 -4.0756331E-06
 -1.4931591E-05  4.2899119E-05  1.8203630E-06  1.0055393E-05 -1.1045203E-06
 -1.2900293E-06  1.8647446E-08  6.6485200E-09 -1.8495490E-08  4.4557593E-09
  1.0719511E-08 -5.5828271E-09 -1.3601971E-09  2.3511957E-09 -8.0700913E-09
  5.3526455E-10 -5.2634901E-09 -7.2835746E-09  6.8621243E-06  1.2080028E-06
  2.1241747E-06  4.6509431E-06  6.2209534E-07  4.2039767E-07 -4.9393102E-06
 -2.1057203E-07  1.9891204E-06 -1.3203423E-06 -2.8419213E-06  4.4165847E-07
 -1.7546928E-10  2.8851901E-09 -4.1904582E-09  2.0598567E-09  2.8606364E-09
 -4.2144896E-09 -1.2440857E-09 -1.2589857E-07 -1.6421216E-08 -1.4889896E-08
  2.3038868E-07 -1.2609736E-07 -3.5677589E-11  2.7311924E-11 -4.6674282E-11
 -6.7548370E-13 -3.5445371E-12  2.4370235E-11  4.6091624E-09  6.5003564E-10
  9.1879854E-10  9.3967794E-09  8.0859353E-10  2.4091753E-09  9.6481884E-22
 -1.2007920E-21 -1.2263248E-21  9.1051633E-22 -3.3968419E-22 -6.2755860E-23
 -8.1083418E-21 -1.0930756E-20 -5.2436973E-20 -1.0632899E-20 -9.4974026E-21
  1.8061258E-20  2.0613843E-22  2.2330893E-22 -3.9932356E-22  2.2474848E-23
  7.1758629E-25  7.2715419E-23  2.3050321E-14 -4.4608651E-14 -1.0212317E-14
  1.9979312E-14  5.5723282E-15 -8.2414578E-15 -6.6963260E-14  4.0048124E-14
  5.2953766E-14 -1.4734150E-14  2.4186884E-14 -1.1338506E-14  7.3192342E-13
  1.1401475E-12  3.4932396E-12  5.3917260E-13  1.5745631E-12 -1.4269499E-12
  8.5613559E-15 -2.7322047E-15  1.3195394E-15  3.7296656E-15  1.7993578E-15
  1.7073752E-14  7.3605749E-15 -5.8942113E-15  6.8708666E-15 -1.2248665E-15
  8.4687625E-15  1.1388232E-14 -1.2166151E-11 -9.1731338E-11 -5.6402244E-12
 -9.0776671E-11  2.9983496E-12 -4.0374898E-11  1.7274515E-12 -1.7142857E-12
 -2.9803508E-12  2.1711990E-12  2.3145765E-12 -8.1718188E-14 -9.0489398E-18
  5.8671961E-17 -2.4541348E-16  2.2936994E-17 -1.6956923E-16 -2.2756962E-16
 -5.1106966E-14  4.7052772E-14 -1.3206115E-14 -2.4131637E-14 -2.6127424E-15
 -5.0861161E-15 -1.1946503E-11  1.1677367E-11 -2.6430230E-12 -9.6193062E-12
 -2.6472635E-12  2.2006470E-12  4.7342376E-14 -2.1001681E-12 -3.8050240E-12
  2.9359710E-13  3.0305628E-12  1.5850016E-12 -5.0911250E-15 -1.5502478E-14
  3.5010809E-15 -9.1179624E-15 -4.6961232E-16 -2.3768970E-16  1.0349824E-13
 -3.6011865E-13  3.0984789E-15  2.1569923E-14  2.8316379E-14 -2.6100387E-14
 -3.3822942E-10  3.3319864E-10 -1.5219040E-10 -1.0354057E-10 -3.9599152E-10
 -6.8290609E-11  1.6881616E-11 -4.0886544E-11  7.3733845E-11  1.4169988E-11
  1.5064498E-11  1.0047572E-10  5.2485264E-12  8.4850014E-13 -2.3206046E-12
  2.4974486E-12  9.3032082E-13 -1.6629008E-13  3.6814757E-12 -2.5050946E-11
 -3.3744063E-11  8.8585623E-12  1.4841520E-11  7.8338022E-12  3.1563430E-18
 -1.2957327E-17  2.1350822E-17  9.2609859E-19  6.1728896E-19 -1.4624497E-17
  7.6672886E-17  1.9564827E-17 -5.6435595E-17  4.4841491E-17 -5.9986232E-18
  1.0046021E-17  3.9576933E-13  6.7719425E-13  8.4040798E-13  1.0654107E-14
 -2.0794845E-13 -7.1192259E-14  1.3348298E-14  1.5335726E-14  1.7936063E-14
 -6.2726703E-15 -2.1278090E-15  1.0256547E-14 -2.6678342E-22 -3.5933571E-22
  9.2549171E-22 -6.9810000E-23  3.5384612E-22  4.7217129E-22 -4.0651733E-15
 -4.6641229E-16 -5.3473520E-15 -1.1378976E-15  3.0102405E-16  2.0089597E-15
 -3.9885919E-07 -2.3520164E-07  2.4654054E-07  6.9448511E-08 -7.3716478E-08
 -6.4264178E-08 -8.9081077E-08  8.4829361E-09  3.9285968E-08  3.5908062E-08
 -4.9327163E-08 -4.5851792E-08  8.0772844E-07  7.5551668E-07  7.5576116E-07
 -1.4370997E-07  2.3280019E-07  1.8008664E-07 -5.3646573E-08 -1.5535237E-07
  3.2347174E-07  2.5555181E-08  6.3861227E-09  1.2767359E-07  3.4380825E-08
  1.1312330E-09 -4.2586638E-08  8.3784191E-10 -5.2514615E-09  4.3664006E-09
  2.1469856E-07 -7.4311174E-07  6.7601306E-08 -2.2727347E-07  8.2821160E-08
 -1.0360625E-07  2.2992315E-09  9.2048097E-10 -2.1134254E-10  4.6744297E-10
 -5.9417783E-11  1.6708565E-09 -9.6640007E-10  4.4893983E-10 -2.2768802E-09
 -1.0047219E-10 -2.6211369E-09 -1.9362365E-09  9.1090274E-11 -2.9322163E-11
 -4.8393407E-11  1.0807145E-11 -2.6487956E-13  2.9895971E-12 -4.6825349E-10
 -2.1094894E-10 -1.1679281E-09 -7.5169337E-10  2.2380357E-10  1.0938089E-10
  3.2638359E-13  2.3531735E-13 -5.2237761E-13  1.2381300E-14  4.4289774E-14
 -1.2262770E-13  8.1270880E-14  1.3994463E-13 -6.7344784E-14  2.5463545E-15
  1.1127974E-13 -2.8432040E-14  1.5308556E-24  7.0101328E-24 -1.1733357E-23
  8.0804112E-25 -1.7205780E-24 -2.5132178E-24 -6.9496600E-14  5.1039424E-14
 -7.4700825E-14  3.6615730E-14  1.6757898E-14  5.2151280E-14 -5.1719397E-27
 -2.3013896E-27 -3.7382986E-27 -5.7296002E-28 -2.8291555E-27 -2.7773419E-28
  9.6068569E-29  4.4656014E-29 -8.8836257E-29  2.5736196E-29  2.0011745E-29
  1.4064225E-28  1.1019989E-04 -7.9184996E-05 -1.3079039E-04  6.0496666E-05
  7.8128331E-05 -1.9774550E-05  1.3870549E-04  2.9064546E-05 -5.4410586E-05
  3.6154668E-06  8.9894183E-07  7.7529994E-06  9.0823218E-05  2.0133567E-04
 -1.5313689E-04  2.4823708E-05 -6.9458722E-05  5.0922761E-05  1.9006572E-04
 -3.0023257E-05 -1.0950762E-04  4.0888732E-05  1.0516246E-04 -7.1400877E-06
 -1.1116427E-05  4.4089388E-06  4.8191214E-06 -1.8228933E-06 -1.4866182E-06
  7.4455812E-07 -2.6552766E-06 -1.5944601E-05  6.7408942E-06 -3.8211087E-06
  3.7136508E-06 -5.9869139E-06 -1.7489109E-06 -1.6830443E-06  2.7405647E-06
 -2.0365952E-08 -1.2317210E-07  6.5339708E-07 -1.0258574E-05 -3.9185829E-06
  4.3042141E-06 -7.9346200E-06 -5.6179870E-06  2.1105852E-06  3.8380023E-02
 -1.0148451E-02  1.2938553E-02  9.3886460E-04  1.6027823E-03 -3.2023469E-03
  9.4842147E-03  8.4714098E-03  7.6332605E-03 -3.5116635E-03 -4.1548456E-03
  8.1730867E-04  6.5663458E-05  9.2580403E-06 -4.5852830E-05  2.8694581E-06
 -3.6985716E-07 -1.2329265E-06  1.7067870E-04  2.2503335E-04 -4.4063683E-05
  5.4915236E-05  7.3998468E-05 -3.2697808E-05  8.8520575E-04  1.7107265E-03
  1.1097665E-03 -1.4212886E-03 -8.7138882E-04  2.9283919E-04 -6.7537354E-04
  1.7152808E-04  1.1273425E-04  9.7139955E-06 -1.5635163E-04 -2.6419610E-04
 -9.4921986E-04 -3.3074702E-04  3.2911811E-04 -4.2470641E-04 -8.2068291E-04
  1.2745353E-04  9.5505435E-03 -9.4110919E-03  1.8824794E-03 -2.6659847E-03
  3.8424117E-04 -1.3214877E-03  0.2732863      9.0805434E-02  5.2202675E-02
 -7.3415432E-03 -3.6060968E-03  3.9452408E-03  0.1209389      2.5548864E-02
 -3.6005832E-02  9.3961280E-04  2.2106443E-03 -4.7452948E-03  0.2033489    
 -7.9968028E-02 -1.3472851E-03 -5.6588096E-03  2.6246847E-03 -9.0641622E-04
  0.1757206      5.2902360E-02  6.3455440E-02 -2.1615927E-03 -8.7557314E-03
  6.0192891E-04 -6.2782352E-04  2.1589643E-04 -4.6669345E-05 -5.4912065E-04
 -2.1525411E-04 -1.0324670E-04 -5.0350791E-04 -1.3225270E-04 -2.5249747E-04
 -1.2779614E-04 -4.9541506E-04 -7.5610304E-05  1.1182724E-05 -1.6758393E-05
 -2.2424123E-05 -5.5588403E-06 -1.5562011E-05 -3.0093915E-06  2.0671218E-04
 -8.0611404E-05  1.4845187E-07  3.4723551E-05 -3.0062208E-06  9.4930465E-06
  5.2424940E-07 -5.0245887E-07 -2.1781572E-07  6.5523359E-08 -7.3972345E-08
  3.0110957E-08  1.4598454E-06 -1.4745505E-07  2.0673519E-07 -7.8600515E-08
 -3.4721538E-08  2.4239392E-07  1.8877135E-07 -4.5121098E-07 -6.4767853E-08
 -2.0714715E-07 -9.0902994E-08 -1.8748123E-08 -4.4034336E-06 -3.2505723E-06
 -1.6352764E-06  4.6267778E-07 -5.3738540E-07 -2.3260813E-07  6.1278683E-07
 -8.2211136E-07  5.3116395E-07 -5.2984969E-08 -9.7533530E-08  4.6520447E-07
 -1.1674754E-07  3.6931553E-09  6.0462114E-08 -1.5747728E-08  1.5495942E-08
 -4.4298059E-08  2.6662445E-07 -2.5227237E-07 -1.7748823E-07 -4.3073200E-08
 -7.3904673E-08 -1.5722426E-08 -1.1452224E-05  2.2631964E-06 -8.7587716E-07
 -3.0081274E-06  6.6738505E-07 -1.3469945E-06 -6.8735985E-06 -5.1561606E-06
 -5.3361418E-06  9.0483178E-07 -8.4703112E-07 -5.5182301E-07 -2.4219114E-08
 -5.6459022E-08 -2.0106736E-08 -2.8828028E-08 -6.0302540E-08  7.0585116E-09
  5.3824624E-07 -2.9753457E-07  1.0482285E-07  4.8031584E-08  4.7016835E-09
  3.2744962E-09  1.8550940E-09  4.3806851E-09 -2.2244487E-10  3.3695049E-09
  3.1631149E-09 -5.0387128E-10 -1.9422780E-08  1.1738631E-08 -8.5523091E-09
  1.8162944E-09  2.0306690E-09  1.0640813E-09  1.4316307E-09  7.8443980E-09
  1.9968389E-10  8.3375040E-09  5.0661573E-09 -1.8126672E-10 -2.2473157E-06
  3.8078711E-06  4.0566837E-07 -1.1070714E-06  8.4033944E-09 -3.2879771E-07
  1.7620008E-05  1.6911668E-05  4.2167135E-06 -7.5494841E-06 -6.3527722E-07
  3.3489513E-08  4.9346750E-07  2.9663204E-06 -6.3123953E-06  7.4811965E-07
 -3.2500077E-06 -2.6470216E-06  6.6667853E-05  5.1064644E-04  9.4198430E-04
 -1.2300177E-04 -1.3536104E-03 -3.0442665E-04 -7.5983167E-05 -1.8247674E-04
 -5.1948613E-05  6.0005012E-05  1.2471783E-05  2.2450253E-05  3.4026759E-06
 -8.8265006E-06  8.4969201E-07 -5.6909921E-06 -1.1046097E-06 -9.9710337E-07
  7.8171188E-06  7.0163305E-06  1.2716798E-06 -2.3939272E-06 -9.4652643E-07
 -1.2772184E-06  1.4025140E-05 -1.0972856E-05 -1.0150155E-05 -2.2926470E-06
 -5.9216859E-06  5.1113278E-07  1.8043992E-03  2.6229871E-03 -1.5530839E-03
 -1.6980750E-03  3.6636705E-04 -9.9747942E-04  4.0836772E-03 -1.8170114E-03
 -3.7578715E-03  5.2479147E-05 -1.9533525E-03 -3.3796835E-04  0.3025547    
  3.5368826E-02  8.0960535E-02  5.1089814E-03 -1.9951945E-03 -9.1210107E-04
  0.1047395      4.7605086E-02  5.1784003E-03 -8.1491424E-03  8.0173864E-04
  5.6649215E-04 -4.3596021E-08 -2.9807219E-07 -1.0410006E-05  1.2304240E-07
 -6.1522592E-06 -2.5505033E-06  1.0988105E-04 -6.7282155E-05 -1.5182455E-05
  9.0831663E-06 -1.1519069E-05  9.2787332E-06  1.8040707E-02  7.2670439E-03
  1.4502669E-02  9.0003239E-05 -4.3422766E-03 -1.2206765E-03 -5.3764717E-04
  4.3536114E-04  1.4570994E-04 -1.0620599E-03 -2.2559053E-04 -1.7961098E-05
  1.1686787E-04  1.6750340E-04 -8.1957936E-05  9.8718287E-05  7.0956681E-05
 -5.1215575E-05 -3.2609224E-04 -8.8515168E-05 -3.1209335E-04 -8.4894535E-05
 -4.0997020E-05 -4.7550897E-05 -2.4163387E-06 -3.8055250E-06  2.3555174E-07
  1.1053960E-06 -1.7889420E-08  3.0288615E-07 -3.4012669E-06  7.4491345E-07
  2.7550514E-06 -4.2431643E-07  3.7249299E-07 -3.4242728E-08 -7.0267527E-07
  8.9360917E-08  3.9386273E-07 -1.4234805E-06 -1.6910661E-07 -1.6106451E-07
 -6.6148700E-06  1.2243183E-06 -9.0168066E-07 -1.3900080E-06 -3.0797853E-06
 -5.6655057E-07  7.3744729E-08  2.3608539E-08 -1.0586837E-07 -9.5013757E-09
 -2.1161046E-08 -2.3658625E-08  3.5250486E-07  3.5312641E-07 -3.8742971E-08
  5.5467626E-07  1.5995721E-07  1.1578762E-08  4.3929109E-07 -8.3351125E-08
 -3.2679145E-07  2.6343201E-08 -4.2833999E-08 -9.1992467E-09  4.9659161E-07
  1.3886240E-06 -5.5685657E-08  1.0013226E-06  2.4758185E-07  1.3205343E-07
  0.5935979      3.0724531E-02  8.5539892E-02  1.0562261E-02  7.7748965E-03
 -6.2356546E-04  0.3155355      9.3301706E-02  9.6894363E-03 -5.5104247E-03
  3.8311603E-03  1.3726288E-03  4.6454653E-02 -3.4842152E-02 -1.1521148E-02
 -7.6545253E-03 -6.3257087E-03  1.7502430E-03  0.1023960      7.3819322E-04
  3.5861395E-02  3.4120183E-03  5.1311148E-05 -3.3589879E-03  0.9454431    
 -3.2190762E-02 -5.2690934E-03  1.5266512E-02  1.5060621E-02  4.3116934E-03
  0.8446031      8.6212561E-02  2.3728242E-02  1.0982347E-02  1.3775164E-02
  4.4631162E-03  0.3981868      7.4911460E-02 -3.9907888E-02  2.5623629E-03
  8.7948749E-03 -5.5668835E-04  0.4558876     -4.6708055E-02 -8.8801630E-02
  6.2254765E-03 -2.1469714E-03  1.6088018E-03  0.8462337     -6.4317845E-02
 -6.0783692E-02  1.1708674E-02  7.7967313E-03  3.0480381E-03  0.9455006    
  2.0362597E-02  2.5059843E-02  1.5230441E-02  1.4844301E-02  4.0675215E-03
  0.3162874     -5.4995265E-02 -7.5194404E-02  2.9094159E-03 -6.7689647E-03
  1.0467998E-03  0.5944870     -9.0649024E-02  1.7519170E-02  4.6130279E-03
  9.2981700E-03 -1.1483805E-03 -6.5763335E-05 -3.4298893E-05  6.3437794E-05
 -1.3797672E-05  1.0837531E-05 -4.2819134E-05  1.2740202E-04 -3.7726338E-04
 -8.1301128E-05 -1.1883859E-04 -1.1099601E-04  1.2955479E-05  0.1015549    
 -3.1106940E-02  1.5347706E-02 -1.0272072E-03  2.8735474E-03 -2.1572271E-03
  4.6546794E-02  2.8115576E-02  2.4650155E-02 -6.4567188E-03 -7.4516707E-03
  1.5941210E-03  1.7855510E-04 -6.4462838E-05 -5.4801993E-05 -1.9412357E-05
 -7.0365363E-06 -7.0894794E-06  7.7992026E-04 -3.7443559E-04  1.4029381E-04
 -3.8465001E-05  3.4833269E-05 -8.3639447E-05  5.5996043E-06 -9.4055222E-06
 -3.0448452E-06 -1.0068196E-06 -3.8458252E-06  1.0951288E-06  2.2778882E-05
 -3.4783241E-07  3.7038737E-06 -9.8067559E-08  8.9110779E-07  2.2297754E-06
 -1.5499210E-06 -6.3637066E-07  1.0806191E-06 -2.8139024E-07 -1.3017309E-07
  5.5803152E-08  5.0263878E-08 -5.4435518E-06  3.2311360E-07 -2.2550369E-06
 -1.5841406E-06  3.6472898E-07  2.8041494E-09 -8.6594536E-09  7.7673858E-09
  2.7307021E-09  1.3631762E-09  8.0836005E-09 -1.8362186E-08  1.0288367E-08
  1.6069304E-08  1.5642625E-09  4.6877640E-09  1.5423881E-09  2.9684708E-08
 -1.3028803E-07  9.5871382E-09 -5.9206045E-08 -5.6427654E-09 -1.0950925E-08
 -1.2814420E-09  6.7777599E-08  1.2926577E-07 -6.1705365E-09 -5.4211778E-08
 -1.9742945E-08  2.0649444E-09 -6.8932376E-10 -1.3363617E-09 -7.2711163E-11
  3.4494078E-11 -6.8266406E-11 -4.5881743E-09  1.2986755E-08 -6.4114769E-10
  3.9573180E-09 -8.1187444E-12  1.1133404E-09  6.6013542E-11 -2.6665309E-10
 -1.3840090E-10 -1.0802473E-10 -1.8585924E-10  1.1878636E-12  1.4134690E-09
 -1.5688646E-10  2.1329863E-10  5.3141280E-10 -9.6824410E-11  1.9295869E-10
 -3.5050546E-11  7.1240791E-10 -6.6715433E-10  3.9527448E-12 -6.1267463E-11
 -5.0868271E-10  2.1405249E-09 -1.3761384E-10 -1.0253511E-09  4.8687065E-10
  5.1302945E-10 -1.7294913E-10 -1.6142568E-08  2.8034615E-09  4.9592075E-10
 -2.4546745E-08 -3.5396701E-09 -3.9364432E-09 -3.1678287E-08  8.8254932E-09
 -4.3345158E-10 -1.8760402E-09 -1.7585744E-08 -8.6093506E-09  6.9656236E-10
 -2.0698689E-10 -5.5097960E-10 -6.5493110E-12 -9.9925943E-11 -1.6096756E-11
 -3.4864627E-09  1.0257863E-08 -6.6995798E-11  3.0426706E-09  2.1943117E-10
  7.6139722E-10 -3.0369502E-09 -2.9204184E-10  2.7537319E-09 -1.8204054E-10
  3.0619962E-10  4.1370435E-10  3.5124351E-08 -7.4267248E-08  9.4452535E-09
 -2.7674516E-09  8.7713223E-09 -1.3646042E-08  4.1266937E-09  4.9932936E-10
 -1.7738178E-09  5.7871397E-09  2.2515605E-09 -7.2257783E-11  1.3780951E-07
  1.5661837E-07  5.5882733E-08 -1.6309555E-07 -1.6125003E-07  1.1592781E-07
  7.1842740E-11  2.2728415E-10 -8.0281989E-11  1.2089073E-10  1.4352468E-10
 -7.1389096E-11  5.3628057E-11 -3.5855330E-10 -5.3019439E-10  1.5520836E-11
  1.8203186E-10  1.0092019E-10 -1.1320765E-11 -5.0601918E-12  1.1366732E-11
 -4.4128164E-13 -5.6201376E-13  1.8676163E-12  1.7044607E-10 -2.3709387E-10
 -6.0257854E-11  1.5835770E-10 -3.6052869E-11  8.2946684E-11 -1.1986070E-10
 -1.3854534E-10 -2.4636277E-11  1.2376264E-11  1.9260524E-11 -4.0701685E-11
 -7.7063599E-11  2.6425848E-11  5.5157948E-11  2.0825479E-12  9.7792980E-12
 -9.8589756E-13 -2.1012029E-11 -1.5403051E-10  1.1344625E-11 -1.4683589E-10
 -5.2929772E-11 -5.1707536E-12  9.3536298E-12  1.2391528E-10  2.0805326E-10
 -6.1529744E-12 -1.3278670E-10 -3.3993364E-11  1.1679089E-13  8.5009108E-14
 -5.0464700E-13  3.3253551E-14 -2.2324541E-13 -2.0594816E-13  1.9416112E-12
  2.0586624E-11  1.3800631E-12  1.7413288E-11  5.7437267E-12  5.9337740E-13
  3.4763442E-12 -2.6338749E-12 -2.6760029E-12 -4.9604120E-13 -1.4629610E-12
  1.9147417E-13 -3.4151655E-12  3.6763825E-11  3.2090034E-12  2.1495639E-11
  1.9722386E-12  4.5658360E-12  1.4110087E-11 -1.8114560E-11  3.4343577E-11
  1.3456579E-11 -9.8055646E-13  4.3092023E-12 -4.3876118E-11  3.9979860E-11
  3.3848018E-11  1.0162688E-11  1.8205095E-11 -1.0850970E-12  4.9080865E-12
  6.8030863E-12  7.9378431E-13  3.4825786E-12  6.7207390E-12 -9.5830538E-13
 -5.7251832E-11  3.7554560E-11 -1.3861727E-11 -2.4000325E-13 -1.2588631E-12
  1.5567025E-12 -2.5642309E-11  3.0846537E-11  1.9737403E-11  1.2241294E-11
  1.2616986E-11  1.7533907E-12 -6.7847621E-13  1.2181406E-12 -1.6163372E-12
 -2.0601054E-13 -4.2364614E-13 -1.1105696E-12  2.4483904E-12 -5.3948935E-13
 -1.7050033E-12  3.5334315E-14  1.6240878E-13 -3.4703013E-13 -1.9546964E-13
 -9.9540025E-14  4.3007820E-14  3.6736039E-15 -1.9058470E-13  4.6190096E-14
  2.4964917E-12 -1.9748055E-12  6.5425004E-13  4.2678819E-13  3.6665674E-13
 -1.9076883E-13 -3.6901962E-20  9.8634317E-21  2.5310342E-20  4.7033038E-22
 -1.7633094E-21  3.1766484E-21  1.2891979E-19 -3.4836880E-19  2.6706227E-20
 -1.5780714E-19 -7.0924089E-21 -3.9926315E-20  4.9975869E-19 -3.5397188E-19
 -5.5053130E-19 -6.1775386E-20 -2.5258847E-19 -1.0900426E-19  2.7966296E-08
 -3.0002564E-06  6.1315791E-07 -3.9471506E-06  2.8646676E-07 -2.0737223E-06
 -2.5947118E-06 -4.4939329E-06  8.4587573E-09 -2.0972991E-06 -3.9363813E-06
  5.9931881E-07 -1.1578725E-04 -4.1224754E-05  1.2392057E-04 -8.5120715E-05
 -3.5473623E-04 -4.1044636E-06  9.6105694E-05  3.0093104E-05 -4.6899677E-06
  3.0171323E-05 -1.3394937E-06  4.4768920E-05  2.2516582E-05 -4.2373236E-04
 -1.4196454E-04 -1.5356152E-04 -3.6202953E-04  5.3962125E-05  0.1257503    
  5.5021085E-02  4.3941677E-02 -7.7260588E-03 -8.5562998E-03  2.4472212E-03
  2.8766982E-02  1.2232491E-02 -1.2874331E-02 -1.4921064E-03  9.9789852E-04
 -4.0626479E-03  0.1257673     -6.5694027E-02 -2.5523337E-02 -8.8669350E-03
 -7.2947354E-03  2.4874678E-03  0.4567372      9.9884890E-02 -4.9101715E-03
 -1.7034771E-03  6.9810254E-03  7.5219729E-04  0.3977962     -2.4910436E-03
 -8.6476043E-02  8.3389059E-03 -6.0787483E-05  2.0874575E-04  0.3041895    
 -8.5163899E-02  9.6581290E-03 -2.2344824E-03  6.4593060E-03 -1.8860179E-03
  0.1216474      1.8498553E-02 -4.1196432E-02  2.1126005E-03  4.4538526E-04
 -4.8221373E-03  0.2756004     -9.1578357E-02 -5.3470626E-02 -6.0540042E-03
 -8.5287942E-03  3.6886819E-03  5.2623309E-02  2.7673338E-02 -9.4849395E-04
 -5.8891401E-03  1.0339805E-03 -1.3163149E-04  3.9652526E-02 -3.8711242E-03
 -2.1718130E-02  1.4972630E-03 -3.8799657E-03 -1.7752585E-03  3.7505433E-02
 -6.3563557E-03  1.5261629E-02  1.7132353E-03  5.9820368E-04 -2.9334535E-03
 -4.4775972E-04 -1.8597947E-04  8.0278632E-04  7.0309856E-05  2.7894715E-05
  1.1532347E-04  3.2302774E-03 -6.7337607E-03 -2.9217225E-04 -2.8622514E-03
 -7.7397976E-04  1.0733926E-04 -4.7343984E-04 -1.2727155E-04 -8.8896937E-05
 -2.2826872E-04 -4.2313681E-04 -5.7992733E-05  1.6599884E-02 -1.5337941E-02
  8.7310030E-04 -3.5944481E-03 -3.5593411E-04 -1.0491293E-03 -5.2029313E-06
  3.5504443E-05 -4.2767802E-05 -7.8638204E-06 -4.8859411E-06 -1.8718663E-05
  1.7492542E-04 -1.3457303E-04 -1.0545935E-04 -1.7578241E-05 -4.8157584E-05
  1.1555835E-05  1.6340145E-04  3.7724481E-04 -1.4182355E-05 -1.9858582E-05
 -5.1964300E-05  4.2273427E-05 -1.2927622E-04 -4.6766170E-05 -2.7764865E-04
 -1.3304029E-04 -1.8690870E-04  6.4270175E-06 -5.0958537E-05  1.6526259E-05
  3.8973281E-05  6.9207667E-06 -2.5570916E-06  1.3027516E-05  1.4522468E-04
 -1.9686269E-04  6.1710452E-05 -3.2436878E-05  4.0653442E-05 -1.6419071E-05
  3.4561438E-06  3.3016770E-06 -3.9193465E-06  6.6160019E-06  2.7720687E-06
 -3.5173396E-06 -1.4440686E-05  3.7133334E-06 -2.6820186E-05 -1.9407594E-06
 -6.1482183E-06  5.3313179E-06 -1.6604384E-06 -1.4541824E-06  4.5501461E-06
  5.3990493E-07 -1.5262166E-06 -5.1109583E-07  3.2542714E-06 -1.0432312E-05
  1.6296901E-06  4.1784378E-06 -1.8505493E-06  2.2006325E-06  6.6611200E-04
 -1.3015294E-04 -9.7245524E-05 -1.6160506E-05  9.6625925E-05  6.9898466E-05
 -6.2362931E-05  2.3983603E-05  3.7412381E-05 -2.6764642E-06  5.1475581E-06
 -3.6100025E-06  1.1067045E-04 -2.5681415E-04 -4.3637825E-05 -7.3312389E-05
 -3.1574487E-05  4.7935673E-06  1.1679084E-05  1.2083469E-05 -3.1948291E-06
 -2.0278721E-06 -1.1787387E-06 -1.6749211E-06  1.6310671E-05 -1.0360122E-05
 -1.3869001E-05 -2.0738944E-06 -4.2276538E-06 -1.6862490E-08  1.1924841E-05
 -2.6185896E-06 -2.2980128E-05 -4.7298904E-06  1.0033986E-05  7.0288706E-06
 -3.6918615E-07  3.1676103E-07  1.7114188E-06 -1.5706506E-07  7.4315994E-07
  1.8436329E-07 -1.5936051E-06 -5.6587128E-06  9.1534496E-08 -3.1290160E-06
 -1.0629680E-06 -2.4502225E-07 -2.7299071E-08  1.5869626E-06  1.2552873E-06
  4.8943161E-07  1.2362967E-06  1.3588115E-07 -4.1385679E-06 -4.8365441E-06
  6.3204305E-07 -3.1830502E-06  6.8703940E-07 -1.1128592E-06 -2.8278057E-06
  2.7065397E-07 -7.8717113E-07 -1.0998018E-06 -2.8703116E-07 -7.8206864E-07
  1.7885367E-06 -6.1464293E-06 -3.6584520E-06 -3.2929768E-06 -3.6750218E-06
  7.1368032E-07 -1.6170378E-07  1.3946772E-07 -5.7815694E-08 -2.3847386E-07
 -2.1550131E-08 -1.2394212E-07  1.1281201E-06 -7.1548766E-07  1.2018950E-06
  4.5188489E-08  3.7500976E-07 -7.4140593E-07 -3.9910232E-12 -1.5804031E-12
 -5.8661860E-12  3.9524425E-12 -2.1221928E-12 -5.2922181E-12  1.1329853E-09
 -2.8699629E-09  1.9966409E-09 -1.1539477E-08 -5.2961506E-09  1.5519095E-09
 -2.3442151E-07 -2.4023537E-08  3.2755972E-07  2.6347040E-08  9.9958612E-08
  7.2283811E-08  3.3124456E-07 -5.9590665E-08 -4.5772452E-08  6.8123950E-07
  4.1916376E-08  2.4716221E-07  5.7799895E-07 -5.1527718E-07 -3.7670060E-07
 -3.8185103E-08 -1.2349764E-07  8.5643688E-09 -4.1864615E-07  1.0151427E-06
 -7.3066394E-07 -1.2023969E-07 -5.8793790E-07  4.0694923E-07  1.6024723E-08
 -2.9342813E-08 -3.6140486E-09 -6.5455880E-10 -2.3462183E-09 -2.8708502E-09
  2.5604448E-08 -1.3636678E-08  8.4666230E-09  2.0131670E-09  3.7069483E-08
 -4.3611261E-09  7.9643836E-10 -7.1302186E-10 -2.6146102E-10 -1.4949687E-10
  2.4256624E-11 -9.6759566E-11 -6.2846071E-09  6.8950552E-09 -1.8116961E-09
  9.8037345E-10  6.0011118E-10  8.2997814E-10  3.0137375E-11 -3.0352379E-12
 -9.9711295E-11  7.2345789E-11  4.6089913E-11 -4.8089598E-11 -2.0673468E-11
 -4.3436938E-11  2.9455712E-11  8.1581452E-12  9.2704767E-12  8.6586120E-12
  7.7299359E-13  1.5064503E-13 -5.1906331E-13  5.8877393E-13  1.3371538E-12
 -5.2999147E-13  1.6565164E-11  1.1978668E-11  4.0753429E-12  4.9974743E-11
  3.3254621E-11  1.2361995E-11  4.7682592E-29 -1.1701930E-31 -2.3480657E-29
  3.6583167E-30  1.4054751E-29 -3.5066648E-30 -1.0168513E-20  1.7995156E-20
 -7.8731019E-22  3.1693389E-21 -5.7363390E-23  8.4654595E-22 -6.5423920E-21
 -1.0302464E-20 -1.4259825E-20  9.8709496E-22  4.0712953E-21  5.3168074E-22
  8.2942505E-30 -1.3869482E-29  1.4359336E-30  1.0161809E-29 -1.1963898E-30
  4.5201738E-30 -4.2914061E-13  2.5083288E-13 -9.2251985E-14 -1.7358012E-13
 -7.7226000E-14  1.4805470E-14 -9.9448424E-14 -1.1374907E-13 -1.3323786E-13
  1.9912144E-14 -8.9543648E-14 -3.1423906E-14  2.6877493E-22 -4.8342330E-22
  3.8290608E-23  1.5287511E-22  2.5745979E-23  6.1613843E-24 -1.5176788E-13
 -1.5481019E-12 -2.8235850E-13 -1.6369771E-12 -3.3683261E-13 -1.4263341E-13
  3.4855617E-13  8.5519775E-13  1.4683675E-12 -2.9880620E-13 -1.5255617E-12
 -2.1385094E-13  3.4513055E-14 -2.7431323E-14  1.5866462E-14  1.9402237E-14
  8.9692183E-15 -6.9403957E-15 -8.2125780E-14  8.7643875E-14  3.6302782E-14
 -7.9336142E-14  2.8000482E-15 -2.4728481E-14 -2.0279122E-13 -2.6024169E-14
 -9.3837922E-14 -9.6891362E-15 -1.1038625E-13 -2.2767383E-14  7.1936679E-15
  1.6201825E-15 -3.3736156E-15  1.7392986E-14  3.5772963E-15  3.2518969E-15
 -9.0123575E-16 -1.2616051E-15  4.4217750E-15  5.0067090E-16  2.2291390E-16
  2.2769256E-15  6.1808929E-13 -1.2217672E-12 -2.8361452E-13  3.3983780E-13
 -2.7238381E-13  2.4668727E-13  6.8554575E-13 -3.5031402E-13 -5.3708914E-13
  4.4539521E-13 -4.3286399E-15  4.7402983E-14  2.0676846E-12 -4.3645835E-13
 -3.0672635E-13 -4.0394137E-13  2.0106105E-13  6.6697770E-13  5.0064375E-16
 -3.8104092E-16  1.0607617E-16  1.9514195E-16 -6.7289786E-17 -8.3824458E-17
  1.7794422E-15 -7.6850818E-16  2.3737651E-16  4.9965004E-17  3.6353323E-16
  6.7983381E-17 -2.5694721E-16 -3.7444193E-16  1.7532292E-16 -3.1238702E-16
 -2.2684609E-16  7.8366754E-17  7.5413044E-14 -2.9865294E-14 -2.6924491E-14
  7.7697682E-14  8.3905093E-15  2.6337365E-14 -4.7488603E-13  3.2592090E-13
  2.2998481E-13  2.0025194E-13 -9.9645451E-14 -9.4447596E-14  4.3368876E-13
 -4.8303072E-12  1.4842825E-11 -5.2987953E-13  9.9090430E-13 -8.1740959E-12
 -6.0716666E-13 -5.2807173E-12 -2.3976112E-12  4.2682190E-12 -3.2353423E-12
 -7.2895346E-13 -3.2610603E-13  2.7458531E-13 -1.8727057E-13  3.4608011E-14
 -6.5363513E-14  7.2888689E-14  6.6669746E-14  2.6993375E-14 -5.5661354E-14
  6.3164175E-14  1.4809588E-13 -1.8822180E-14  7.0808556E-16 -2.3055013E-15
 -4.2492869E-16 -8.1754598E-16 -9.1289050E-16  3.2910168E-16  1.9100957E-15
  5.6146443E-15 -3.2945296E-15  5.5221889E-16  8.1991529E-16  2.3160125E-15
 -9.7703668E-12 -2.0358784E-11  1.2301710E-11  4.7578534E-12 -1.3662112E-12
  1.3912157E-11  4.8217135E-11  3.3467894E-12 -5.1347676E-11  2.5655662E-11
  3.9073224E-11  5.9106602E-11 -1.1001154E-10 -4.7204785E-10  3.1941111E-10
 -4.8360760E-10 -5.0297030E-11 -2.3287972E-10  1.4547001E-10  3.9746773E-10
  1.2289009E-09  6.2955828E-11 -6.7600675E-10 -2.8621039E-10  1.5150113E-13
 -2.1622461E-11  2.5270374E-12 -1.0724043E-11 -3.7625007E-12 -2.9842611E-14
  1.8275520E-12  8.4079913E-12  1.5868730E-11 -4.0916467E-12 -1.3704922E-11
  2.4131107E-12  1.8682404E-13  8.6037996E-13 -2.8140565E-13  2.3128187E-13
  2.7063993E-13 -3.2847176E-13 -2.3107456E-12 -1.9462088E-12 -3.4486961E-13
 -1.3918938E-12  1.7132484E-13 -1.3951180E-12  1.4426570E-15 -1.9326387E-15
  3.7567076E-16  2.2992641E-16  5.8823255E-17  1.1142890E-17  4.3038337E-16
  6.2274434E-16  1.1117142E-15 -5.6782945E-16 -1.0568921E-15  2.1061642E-16
 -1.2415257E-17 -1.1767610E-17 -8.2426629E-18 -1.4643631E-17  7.1637778E-18
 -1.5107384E-17 -1.9795878E-15 -8.6089136E-16  2.5346260E-15 -2.3899103E-16
  5.6652248E-16  1.2637383E-15  1.4309908E-14  1.0140430E-14 -3.9000810E-15
  1.4789553E-14  1.0064305E-15  8.0145224E-15  2.5584251E-14  4.8968316E-14
 -2.5028204E-14  5.9374672E-14  1.7784639E-14  9.6972745E-15  2.5797225E-14
  5.8582582E-15 -3.1829994E-14  1.5730810E-14  5.9554439E-14 -2.8460191E-15
  8.7147982E-23  5.2749687E-23 -1.3295880E-23  2.9105206E-23  9.0501600E-23
 -1.1992985E-23 -1.0288805E-21  9.5012487E-22 -1.5240447E-22  1.1827654E-22
  4.0521229E-23  1.4245476E-24 -7.2663046E-22  9.4601876E-22  6.0343558E-22
  2.7136878E-22  5.1640668E-22  4.1081923E-23  8.1330313E-07 -2.7282340E-07
  3.6723702E-07  1.8592799E-07  2.2373926E-07 -8.1171159E-08 -1.6563774E-07
  1.2476060E-07  4.2388407E-08 -3.6660822E-08  1.1762491E-08 -2.5933256E-08
 -6.2576908E-07  2.5823105E-08  2.8030401E-08 -2.0093037E-07  4.3566409E-08
 -1.0130611E-07 -4.2260544E-07 -1.0501083E-07 -2.8800844E-07  4.8674920E-08
 -4.1157597E-07  3.0779621E-08 -1.1492502E-07  3.0028355E-07 -3.6324980E-08
 -6.6133521E-09 -1.4778087E-08  3.9575802E-08 -7.1398254E-08 -2.5763805E-07
  1.0952691E-07  2.5188124E-08 -1.7371399E-08  5.9334315E-08 -5.7956368E-07
  4.1973311E-07  3.9972201E-07 -5.1772031E-09  6.4122666E-08  3.6003738E-09
  8.0260214E-08  9.1005310E-09  6.4275859E-08  3.3225515E-08 -4.0247265E-08
 -4.4215338E-09 -3.1935460E-08  3.5392633E-09  1.4261023E-08  3.6362819E-09
 -1.3024856E-09 -5.6235083E-09  5.3009209E-08 -2.1352744E-08 -2.0212802E-08
  2.9667143E-08 -2.0341953E-09  7.4016979E-09  5.6402505E-09 -7.0943162E-09
 -8.6824654E-09 -1.5149838E-11  6.2294290E-09  1.8379693E-09  2.4338759E-10
 -6.3974470E-10  6.0167649E-11 -3.6193346E-10 -2.7185995E-10  1.4668437E-10
  3.7152281E-10 -5.3770899E-10 -3.3575615E-10 -8.9906016E-10 -9.8468811E-10
  4.1304504E-10 -8.0493182E-11  1.0055141E-10  3.5516556E-10 -5.3198744E-11
 -3.5600817E-10 -1.0719856E-10  5.9595909E-12  4.0705109E-12 -9.5728911E-12
  5.7812500E-12 -7.9081793E-13 -4.6986334E-12 -2.4325101E-11 -3.3783564E-12
  1.4698315E-12 -1.5711696E-11  1.1313052E-11 -1.5723952E-11  1.7178630E-13
  9.5961806E-14  2.3863718E-13 -1.4412147E-14  3.7613716E-13  3.2423483E-14
  7.5728405E-15 -3.9076598E-14  1.1178964E-13 -1.2843460E-14  7.7759251E-14
  9.2547133E-15  1.0729227E-13 -3.4859390E-13 -2.1868451E-15 -4.2069701E-14
 -6.4743553E-14  1.9465739E-14  6.1661368E-24 -1.5747308E-23  2.7362700E-24
  2.2701180E-24  1.2882320E-25 -1.9079498E-25 -1.7539063E-23  4.0162826E-24
 -1.2649916E-23 -6.5224129E-25 -8.7120994E-24 -1.6308872E-23  2.0536337E-23
 -6.9821708E-24 -1.4772039E-23  5.8444693E-25 -6.4266590E-25 -2.6935425E-24
  1.1571863E-28 -9.5662102E-29  6.4202853E-30  1.6927873E-28  2.4729198E-29
  3.0019437E-29  1.4714148E-28  1.3573858E-28  6.1856940E-29  4.0431466E-29
  2.7944690E-28  3.3274186E-29
