 -4.0827875E-04 -4.5240487E-04  8.1436243E-04  1.6735587E-04  3.2111598E-04
  1.2904153E-03  2.0814070E-03  1.1279918E-02  1.8961059E-02 -9.5504737E-03
 -1.6863901E-02  3.0724967E-03  2.5352660E-05 -7.9491962E-05 -5.9502918E-07
 -1.0199917E-04 -6.4894020E-06 -2.6031727E-05  2.8136728E-04 -2.1371873E-04
  6.4373438E-05 -1.1407998E-04  7.7283417E-05  7.3796255E-05  0.1394673    
  0.1085290     -6.1141113E-03 -1.4054167E-02  2.1196757E-02  8.8984490E-04
  7.8427428E-03 -4.6452176E-02 -5.4289177E-03 -3.2787859E-02  9.6557196E-06
  3.5594476E-03 -1.3925638E-03  1.7119750E-03 -1.6962262E-03  1.5157813E-04
  7.0311007E-04  1.5494449E-03 -2.6653408E-06  1.9214392E-06 -2.0653315E-06
 -2.8131692E-06  5.1482402E-06 -7.5653510E-08  0.3632524      0.1057817    
  1.7953523E-02 -1.9952727E-02  5.0745942E-02  4.3879420E-02  9.8613361E-03
  1.2754628E-02 -1.8655138E-02 -4.6103215E-03 -1.6375525E-03 -2.0914095E-02
  1.2470261E-04  6.8495676E-05 -1.7028426E-04 -4.8793449E-05 -8.6559103E-06
 -1.0134483E-04 -2.4765697E-03 -1.3664961E-03 -3.7236607E-03  1.1698682E-04
  7.3713984E-04 -2.9156663E-05  2.2714438E-03  2.8056994E-03 -3.4080700E-03
 -5.1270657E-05  2.0804384E-04 -1.0610712E-03  1.1245660E-03  8.9282850E-03
  6.4596012E-03  2.6328128E-03  6.9450340E-03  3.9597978E-03  4.8374009E-06
 -3.8911494E-06 -3.4902874E-07  1.1969380E-06  1.9775944E-06  1.2665000E-05
 -3.2848104E-05  6.0346642E-06  3.2652191E-05 -6.1291303E-08  1.2276663E-05
  3.0157482E-06 -3.2011219E-03  2.6612887E-03  2.1071082E-03  1.2959241E-03
  6.0142920E-04 -3.6197930E-04  2.5132233E-02 -4.6044249E-02 -2.1789509E-03
 -1.0595185E-02  6.1322520E-03 -5.8465307E-03 -2.1375576E-04 -1.3255318E-02
 -7.8220974E-04 -2.5662903E-02 -7.4679442E-03 -1.6637250E-03  6.4215608E-02
 -4.0941972E-02 -4.2140070E-02 -1.7021068E-03 -2.4579361E-02  5.5444734E-03
  0.1641078     -8.7983318E-02 -0.1151537      1.1344736E-02 -3.5848681E-02
  3.4716169E-03  0.4731585      1.5474207E-02  4.8677966E-02  4.8105005E-02
  4.6596564E-02  1.9801150E-03  6.4373919E-05 -1.4581172E-04 -3.9507628E-05
 -7.0788352E-05 -6.5885062E-05  9.6455369E-06  1.3530056E-04  3.9505222E-04
  3.0004076E-04  1.6753194E-03  8.9436315E-04 -4.5328733E-04 -5.6481117E-04
 -9.9186413E-04 -1.6071155E-03  2.3229739E-04  1.4484543E-03  1.5726473E-04
  7.6537959E-05 -1.9888351E-04  1.9086528E-05 -8.9658541E-05  2.0691556E-05
 -6.3017920E-05  7.9491120E-03  3.0216647E-02  6.4926110E-02  1.0674492E-03
 -3.3122618E-02 -5.8686477E-03  4.6220240E-03 -2.3396013E-03  3.4193830E-03
  2.8778638E-03  1.8309397E-03 -8.7246089E-04 -2.1745704E-04  4.2775087E-04
  2.7343485E-04  1.9280774E-04  3.0072217E-04 -1.5406036E-04  9.1541919E-04
 -2.1733204E-03  1.4967419E-04 -1.2162006E-05  2.5085153E-04 -7.1700494E-04
  1.3083051E-04 -3.5098514E-05 -5.3943899E-05  6.3484200E-05  1.7551870E-04
  4.3620890E-05 -1.1859611E-06  1.5354506E-05 -4.5560423E-06  1.3442122E-05
 -4.8111644E-07  5.5532632E-06
