          81
         128
  0.0000000000000000E+00  0.0000000000000000E+00  0.1000000000000000E+01  0.0000000000000000E+00  0.1000000000000000E+01  0.1000000000000000E+01
  0.0000000000000000E+00  0.1000000000000000E+01  0.5000000000000000E+00  0.5000000000000000E+00  0.0000000000000000E+00  0.5000000000000000E+00
  0.5000000000000000E+00  0.0000000000000000E+00  0.1000000000000000E+01  0.5000000000000000E+00  0.5000000000000000E+00  0.1000000000000000E+01
  0.2500000000000000E+00  0.2500000000000000E+00  0.2500000000000000E+00  0.7500000000000000E+00  0.7500000000000000E+00  0.2500000000000000E+00
  0.7500000000000000E+00  0.7500000000000000E+00  0.2500000000000000E+00  0.5000000000000000E+00  0.0000000000000000E+00  0.2500000000000000E+00
  0.2500000000000000E+00  0.0000000000000000E+00  0.5000000000000000E+00  0.2500000000000000E+00  0.0000000000000000E+00  0.7500000000000000E+00
  0.5000000000000000E+00  0.7500000000000000E+00  0.2500000000000000E+00  0.1000000000000000E+01  0.7500000000000000E+00  0.0000000000000000E+00
  0.1000000000000000E+01  0.2500000000000000E+00  0.7500000000000000E+00  0.5000000000000000E+00  0.1000000000000000E+01  0.7500000000000000E+00
  0.7500000000000000E+00  0.1000000000000000E+01  0.6250000000000000E+00  0.6250000000000000E+00  0.6250000000000000E+00  0.5000000000000000E+00
  0.7500000000000000E+00  0.6250000000000000E+00  0.2500000000000000E+00  0.3750000000000000E+00  0.1250000000000000E+00  0.5000000000000000E+00
  0.1250000000000000E+00  0.3750000000000000E+00  0.1250000000000000E+00  0.1000000000000000E+01  0.1250000000000000E+00  0.8750000000000000E+00
  0.2500000000000000E+00  0.8750000000000000E+00  0.0000000000000000E+00  0.6250000000000000E+00  0.1250000000000000E+00  0.6250000000000000E+00
  0.1250000000000000E+00  0.7500000000000000E+00  0.3750000000000000E+00  0.2500000000000000E+00  0.5000000000000000E+00  0.3750000000000000E+00
  0.3750000000000000E+00  0.3750000000000000E+00  0.6250000000000000E+00  0.3750000000000000E+00  0.6250000000000000E+00  0.2500000000000000E+00
  0.7500000000000000E+00  0.3750000000000000E+00  0.6250000000000000E+00  0.8750000000000000E+00  0.5000000000000000E+00  0.8750000000000000E+00
  0.6250000000000000E+00  0.7500000000000000E+00  0.3750000000000000E+00  0.1250000000000000E+00  0.2500000000000000E+00  0.1250000000000000E+00
  0.3750000000000000E+00  0.0000000000000000E+00  0.1250000000000000E+00  0.1250000000000000E+00  0.1250000000000000E+00  0.2500000000000000E+00
  0.0000000000000000E+00  0.1250000000000000E+00  0.3750000000000000E+00  0.8750000000000000E+00  0.3750000000000000E+00  0.7500000000000000E+00
  0.2500000000000000E+00  0.6250000000000000E+00  0.8750000000000000E+00  0.3750000000000000E+00  0.8750000000000000E+00  0.2500000000000000E+00
  0.1000000000000000E+01  0.3750000000000000E+00  0.8750000000000000E+00  0.1250000000000000E+00  0.7500000000000000E+00  0.1250000000000000E+00
  0.8750000000000000E+00  0.0000000000000000E+00  0.7500000000000000E+00  0.8750000000000000E+00  0.6250000000000000E+00  0.1000000000000000E+01
  0.8750000000000000E+00  0.8750000000000000E+00  0.8750000000000000E+00  0.7500000000000000E+00  0.1000000000000000E+01  0.8750000000000000E+00
  0.3750000000000000E+00  0.5000000000000000E+00  0.3750000000000000E+00  0.6250000000000000E+00  0.0000000000000000E+00  0.3750000000000000E+00
  0.1250000000000000E+00  0.0000000000000000E+00  0.5000000000000000E+00  0.1250000000000000E+00  0.6250000000000000E+00  0.1250000000000000E+00
  0.0000000000000000E+00  0.8750000000000000E+00  0.5000000000000000E+00  0.6250000000000000E+00  0.3750000000000000E+00  0.1000000000000000E+01
  0.6250000000000000E+00  0.0000000000000000E+00  0.1000000000000000E+01  0.1250000000000000E+00  0.8750000000000000E+00  0.5000000000000000E+00
  0.8750000000000000E+00  0.6250000000000000E+00  0.1000000000000000E+01  0.6250000000000000E+00  0.8750000000000000E+00  0.1000000000000000E+01
     2     2     2     2     8     4     4     4     4     8
     8     8     8     4     2     2     4     2     4     2
     2     2     4     2     2     6     6     6     6     6
     6     3     6     6     3     6     6     6     6     6
     6     6     6     6     6     6     6     6     3     6
     6     3     6     6     6     6     6     3     6     6
     3     6     3     6     6     3     6     6     3     3
     6     6     3     6     3     3     3     6     6     3
     3
    23    28    27    13    26    28     5    27    26    26
    27    28     6    31    30    10    29    31    14    30
    29    29    30    31    11    34    33    20    32    34
     4    33    32    32    33    34    11    37    36    18
    35    37     6    36    35    35    36    37     5    40
    39    10    38    40    17    39    38    38    39    40
    17    42    39    12    41    42     5    39    41    41
    39    42     5    41    27    12    43    41    23    27
    43    43    27    41    19    46    45    13    44    46
     9    45    44    44    45    46    16    49    48     7
    47    49    10    48    47    47    48    49    15    52
    51     1    50    52    10    51    50    50    51    52
    19    45    54     9    53    45    11    54    53    53
    54    45     6    30    36    14    55    30    11    36
    55    55    36    30    22    58    57     8    56    58
    12    57    56    56    57    58    21    61    60     2
    59    61    12    60    59    59    60    61    25    63
    62     9    44    63    13    62    44    44    62    63
    24    66    65     3    64    66    13    65    64    64
    65    66     5    68    67    11    55    68    14    67
    55    55    67    68    10    40    29     5    67    40
    14    29    67    67    29    40    10    31    51     6
    69    31    15    51    69    69    51    31    10    50
    48     1    70    50    16    48    70    70    48    50
     7    72    71    12    42    72    17    71    42    42
    71    72    10    47    38     7    71    47    17    38
    71    71    38    47    11    33    37     4    73    33
    18    37    73    73    37    33     5    26    74    13
    46    26    19    74    46    46    74    26    11    68
    54     5    74    68    19    54    74    74    54    68
    11    53    34     9    75    53    20    34    75    75
    34    53    12    72    60     7    76    72    21    60
    76    76    60    72    12    59    57     2    77    59
    22    57    77    77    57    59     8    79    78    13
    28    79    23    78    28    28    78    79    12    56
    43     8    78    56    23    43    78    78    43    56
    13    79    65     8    80    79    24    65    80    80
    65    79    13    64    62     3    81    64    25    62
    81    81    62    64
