          25
          40          16
          32
  0.3535534    
  0.5000000000000000E+00  0.5000000000000000E+00  0.7500000000000000E+00  0.5000000000000000E+00
  0.0000000000000000E+00 -0.2500000000000000E+00
     5    23     1     7     2     2

  0.7500000000000000E+00  0.7500000000000000E+00  0.5000000000000000E+00  0.5000000000000000E+00
 -0.2500000000000000E+00  0.2500000000000000E+00
    13     5     1    24     1     3

  0.7500000000000000E+00  0.5000000000000000E+00  0.7500000000000000E+00  0.7500000000000000E+00
  0.2500000000000000E+00  0.0000000000000000E+00
    23    13     1    29     3     1

  0.2500000000000000E+00  0.5000000000000000E+00  0.0000000000000000E+00  0.5000000000000000E+00
  0.0000000000000000E+00  0.2500000000000000E+00
    14     6     2    12     2     3

  0.2500000000000000E+00  0.2500000000000000E+00  0.2500000000000000E+00  0.5000000000000000E+00
  0.2500000000000000E+00  0.0000000000000000E+00
    10    14     2    18     1     2

  0.0000000000000000E+00  0.5000000000000000E+00  0.2500000000000000E+00  0.2500000000000000E+00
 -0.2500000000000000E+00 -0.2500000000000000E+00
     6    10     2    19     3     3

  0.0000000000000000E+00  0.1000000000000000E+01  0.2500000000000000E+00  0.7500000000000000E+00
 -0.2500000000000000E+00 -0.2500000000000000E+00
     4    11     3    23     2     3

  0.2500000000000000E+00  0.7500000000000000E+00  0.2500000000000000E+00  0.1000000000000000E+01
  0.2500000000000000E+00  0.0000000000000000E+00
    11    20     3    26     3     2

  0.0000000000000000E+00  0.5000000000000000E+00  0.2500000000000000E+00  0.7500000000000000E+00
  0.2500000000000000E+00 -0.2500000000000000E+00
     6    11     4    12     2     2

  0.2500000000000000E+00  0.7500000000000000E+00  0.0000000000000000E+00  0.7500000000000000E+00
  0.0000000000000000E+00  0.2500000000000000E+00
    11    18     4    23     3     2

  0.5000000000000000E+00  0.2500000000000000E+00  0.5000000000000000E+00  0.5000000000000000E+00
  0.2500000000000000E+00  0.0000000000000000E+00
    17     5     5     6     2     2

  0.5000000000000000E+00  0.5000000000000000E+00  0.2500000000000000E+00  0.2500000000000000E+00
 -0.2500000000000000E+00  0.2500000000000000E+00
     5    10     5    18     3     3

  0.2500000000000000E+00  0.2500000000000000E+00  0.5000000000000000E+00  0.2500000000000000E+00
  0.0000000000000000E+00 -0.2500000000000000E+00
    10    17     5    22     1     2

  0.7500000000000000E+00  0.2500000000000000E+00  0.5000000000000000E+00  0.5000000000000000E+00
  0.2500000000000000E+00  0.2500000000000000E+00
    12     5     6     7     1     3

  0.5000000000000000E+00  0.2500000000000000E+00  0.7500000000000000E+00  0.2500000000000000E+00
  0.0000000000000000E+00 -0.2500000000000000E+00
    17    12     6    21     3     1

  0.7500000000000000E+00  0.2500000000000000E+00  0.7500000000000000E+00  0.5000000000000000E+00
  0.2500000000000000E+00  0.0000000000000000E+00
    12    23     7    30     1     2

  0.5000000000000000E+00  0.1000000000000000E+01  0.5000000000000000E+00  0.7500000000000000E+00
 -0.2500000000000000E+00  0.0000000000000000E+00
     9    19     8    11     2     3

  0.7500000000000000E+00  0.7500000000000000E+00  0.5000000000000000E+00  0.1000000000000000E+01
  0.2500000000000000E+00  0.2500000000000000E+00
    13     9     8    15     1     1

  0.5000000000000000E+00  0.7500000000000000E+00  0.7500000000000000E+00  0.7500000000000000E+00
  0.0000000000000000E+00 -0.2500000000000000E+00
    19    13     8    24     3     1

  0.2500000000000000E+00  0.2500000000000000E+00  0.2500000000000000E+00  0.0000000000000000E+00
 -0.2500000000000000E+00  0.0000000000000000E+00
    10    16     9    20     2     2

  0.5000000000000000E+00  0.0000000000000000E+00  0.2500000000000000E+00  0.2500000000000000E+00
  0.2500000000000000E+00  0.2500000000000000E+00
     7    10     9    22     1     3

  0.2500000000000000E+00  0.2500000000000000E+00  0.0000000000000000E+00  0.2500000000000000E+00
  0.0000000000000000E+00  0.2500000000000000E+00
    10    15    10    19     2     2

  0.0000000000000000E+00  0.0000000000000000E+00  0.2500000000000000E+00  0.2500000000000000E+00
  0.2500000000000000E+00 -0.2500000000000000E+00
     1    10    10    20     1     3

  0.2500000000000000E+00  0.7500000000000000E+00  0.5000000000000000E+00  0.7500000000000000E+00
  0.0000000000000000E+00 -0.2500000000000000E+00
    11    19    11    25     2     2

  0.5000000000000000E+00  0.1000000000000000E+01  0.2500000000000000E+00  0.7500000000000000E+00
 -0.2500000000000000E+00  0.2500000000000000E+00
     9    11    11    26     1     3

  0.2500000000000000E+00  0.5000000000000000E+00  0.2500000000000000E+00  0.7500000000000000E+00
  0.2500000000000000E+00  0.0000000000000000E+00
    14    11    12    17     1     1

  0.7500000000000000E+00  0.2500000000000000E+00  0.1000000000000000E+01  0.2500000000000000E+00
  0.0000000000000000E+00 -0.2500000000000000E+00
    12    22    13    28     2     2

  0.1000000000000000E+01  0.5000000000000000E+00  0.7500000000000000E+00  0.2500000000000000E+00
 -0.2500000000000000E+00  0.2500000000000000E+00
     8    12    13    30     1     3

  0.7500000000000000E+00  0.2500000000000000E+00  0.7500000000000000E+00  0.0000000000000000E+00
 -0.2500000000000000E+00  0.0000000000000000E+00
    12    21    14    27     2     2

  0.1000000000000000E+01  0.0000000000000000E+00  0.7500000000000000E+00  0.2500000000000000E+00
  0.2500000000000000E+00  0.2500000000000000E+00
     2    12    14    28     1     3

  0.7500000000000000E+00  0.7500000000000000E+00  0.7500000000000000E+00  0.1000000000000000E+01
  0.2500000000000000E+00  0.0000000000000000E+00
    13    25    15    32     2     2

  0.7500000000000000E+00  0.7500000000000000E+00  0.1000000000000000E+01  0.7500000000000000E+00
  0.0000000000000000E+00 -0.2500000000000000E+00
    13    24    16    31     2     2

  0.1000000000000000E+01  0.1000000000000000E+01  0.7500000000000000E+00  0.7500000000000000E+00
 -0.2500000000000000E+00  0.2500000000000000E+00
     3    13    16    32     1     3

  0.2500000000000000E+00  0.5000000000000000E+00  0.5000000000000000E+00  0.5000000000000000E+00
  0.0000000000000000E+00 -0.2500000000000000E+00
    14     5    17    18     2     1

  0.5000000000000000E+00  0.5000000000000000E+00  0.2500000000000000E+00  0.7500000000000000E+00
  0.2500000000000000E+00  0.2500000000000000E+00
     5    11    17    25     3     3

  0.5000000000000000E+00  0.2500000000000000E+00  0.5000000000000000E+00  0.0000000000000000E+00
 -0.2500000000000000E+00  0.0000000000000000E+00
    17     7    21    22     2     1

  0.5000000000000000E+00  0.0000000000000000E+00  0.7500000000000000E+00  0.2500000000000000E+00
  0.2500000000000000E+00 -0.2500000000000000E+00
     7    12    21    27     3     3

  0.5000000000000000E+00  0.7500000000000000E+00  0.5000000000000000E+00  0.5000000000000000E+00
 -0.2500000000000000E+00  0.0000000000000000E+00
    19     5    24    25     2     1

  0.7500000000000000E+00  0.5000000000000000E+00  0.1000000000000000E+01  0.5000000000000000E+00
  0.0000000000000000E+00 -0.2500000000000000E+00
    23     8    29    30     2     1

  0.1000000000000000E+01  0.5000000000000000E+00  0.7500000000000000E+00  0.7500000000000000E+00
  0.2500000000000000E+00  0.2500000000000000E+00
     8    13    29    31     3     3

  0.2500000000000000E+00  0.1000000000000000E+01  0.0000000000000000E+00  0.1000000000000000E+01
  0.0000000000000000E+00  0.2500000000000000E+00
    20     4     3    33     1     1

  0.0000000000000000E+00  0.7500000000000000E+00  0.0000000000000000E+00  0.5000000000000000E+00
 -0.2500000000000000E+00  0.0000000000000000E+00
    18     6     4    34     1     1

  0.2500000000000000E+00  0.0000000000000000E+00  0.5000000000000000E+00  0.0000000000000000E+00
  0.0000000000000000E+00 -0.2500000000000000E+00
    16     7     9    35     3     1

  0.0000000000000000E+00  0.2500000000000000E+00  0.0000000000000000E+00  0.0000000000000000E+00
 -0.2500000000000000E+00  0.0000000000000000E+00
    15     1    10    36     3     1

  0.1000000000000000E+01  0.2500000000000000E+00  0.1000000000000000E+01  0.5000000000000000E+00
  0.2500000000000000E+00  0.0000000000000000E+00
    22     8    13    37     3     1

  0.7500000000000000E+00  0.0000000000000000E+00  0.1000000000000000E+01  0.0000000000000000E+00
  0.0000000000000000E+00 -0.2500000000000000E+00
    21     2    14    38     3     1

  0.7500000000000000E+00  0.1000000000000000E+01  0.5000000000000000E+00  0.1000000000000000E+01
  0.0000000000000000E+00  0.2500000000000000E+00
    25     9    15    39     3     1

  0.1000000000000000E+01  0.7500000000000000E+00  0.1000000000000000E+01  0.1000000000000000E+01
  0.2500000000000000E+00  0.0000000000000000E+00
    24     3    16    40     3     1

  0.0000000000000000E+00  0.5000000000000000E+00  0.0000000000000000E+00  0.2500000000000000E+00
 -0.2500000000000000E+00  0.0000000000000000E+00
     6    15    19    41     1     1

  0.0000000000000000E+00  0.0000000000000000E+00  0.2500000000000000E+00  0.0000000000000000E+00
  0.0000000000000000E+00 -0.2500000000000000E+00
     1    16    20    42     1     1

  0.0000000000000000E+00  0.1000000000000000E+01  0.0000000000000000E+00  0.7500000000000000E+00
 -0.2500000000000000E+00  0.0000000000000000E+00
     4    18    23    43     1     1

  0.5000000000000000E+00  0.1000000000000000E+01  0.2500000000000000E+00  0.1000000000000000E+01
  0.0000000000000000E+00  0.2500000000000000E+00
     9    20    26    44     1     1

  0.5000000000000000E+00  0.0000000000000000E+00  0.7500000000000000E+00  0.0000000000000000E+00
  0.0000000000000000E+00 -0.2500000000000000E+00
     7    21    27    45     1     1

  0.1000000000000000E+01  0.0000000000000000E+00  0.1000000000000000E+01  0.2500000000000000E+00
  0.2500000000000000E+00  0.0000000000000000E+00
     2    22    28    46     1     1

  0.1000000000000000E+01  0.5000000000000000E+00  0.1000000000000000E+01  0.7500000000000000E+00
  0.2500000000000000E+00  0.0000000000000000E+00
     8    24    31    47     1     1

  0.1000000000000000E+01  0.1000000000000000E+01  0.7500000000000000E+00  0.1000000000000000E+01
  0.0000000000000000E+00  0.2500000000000000E+00
     3    25    32    48     1     1

  0.7500000000000000E+00  0.5000000000000000E+00  0.7500000000000000E+00  0.7500000000000000E+00  0.5000000000000000E+00  0.5000000000000000E+00
 -0.2500000000000000E+00  0.2500000000000000E+00  0.0000000000000000E+00 -0.2500000000000000E+00  0.2500000000000000E+00  0.0000000000000000E+00
  0.3125000000000000E-01  0.3535533845424652E+00
    23    13     5    24     7    29     3     2     1
  0.0000000000000000E+00  0.5000000000000000E+00  0.2500000000000000E+00  0.2500000000000000E+00  0.2500000000000000E+00  0.5000000000000000E+00
  0.2500000000000000E+00  0.0000000000000000E+00  0.0000000000000000E+00  0.2500000000000000E+00 -0.2500000000000000E+00 -0.2500000000000000E+00
  0.3125000000000000E-01  0.3535533845424652E+00
     6    10    14    18    12    19     2     3     3
  0.2500000000000000E+00  0.7500000000000000E+00  0.2500000000000000E+00  0.1000000000000000E+01  0.0000000000000000E+00  0.1000000000000000E+01
  0.0000000000000000E+00  0.2500000000000000E+00 -0.2500000000000000E+00 -0.2500000000000000E+00  0.2500000000000000E+00  0.0000000000000000E+00
  0.3125000000000000E-01  0.3535533845424652E+00
    11    20     4    33    23    26     0     3     2
  0.2500000000000000E+00  0.7500000000000000E+00  0.0000000000000000E+00  0.7500000000000000E+00  0.0000000000000000E+00  0.5000000000000000E+00
 -0.2500000000000000E+00  0.0000000000000000E+00  0.2500000000000000E+00 -0.2500000000000000E+00  0.0000000000000000E+00  0.2500000000000000E+00
  0.3125000000000000E-01  0.3535533845424652E+00
    11    18     6    34    12    23     0     2     2
  0.5000000000000000E+00  0.5000000000000000E+00  0.2500000000000000E+00  0.2500000000000000E+00  0.5000000000000000E+00  0.2500000000000000E+00
  0.0000000000000000E+00 -0.2500000000000000E+00  0.2500000000000000E+00  0.0000000000000000E+00 -0.2500000000000000E+00  0.2500000000000000E+00
  0.3125000000000000E-01  0.3535533845424652E+00
     5    10    17    22     6    18     2     2     3
  0.5000000000000000E+00  0.2500000000000000E+00  0.7500000000000000E+00  0.2500000000000000E+00  0.5000000000000000E+00  0.5000000000000000E+00
  0.2500000000000000E+00  0.2500000000000000E+00 -0.2500000000000000E+00  0.0000000000000000E+00  0.0000000000000000E+00 -0.2500000000000000E+00
  0.3125000000000000E-01  0.3535533845424652E+00
    17    12     5     7     5    21     3     2     1
  0.5000000000000000E+00  0.5000000000000000E+00  0.7500000000000000E+00  0.2500000000000000E+00  0.7500000000000000E+00  0.5000000000000000E+00
  0.2500000000000000E+00  0.0000000000000000E+00  0.0000000000000000E+00  0.2500000000000000E+00 -0.2500000000000000E+00 -0.2500000000000000E+00
  0.3125000000000000E-01  0.3535533845424652E+00
     5    12    23    30     1     6     2     2     1
  0.5000000000000000E+00  0.7500000000000000E+00  0.7500000000000000E+00  0.7500000000000000E+00  0.5000000000000000E+00  0.1000000000000000E+01
  0.2500000000000000E+00  0.2500000000000000E+00 -0.2500000000000000E+00  0.0000000000000000E+00  0.0000000000000000E+00 -0.2500000000000000E+00
  0.3125000000000000E-01  0.3535533845424652E+00
    19    13     9    15    11    24     1     3     1
  0.2500000000000000E+00  0.0000000000000000E+00  0.5000000000000000E+00  0.0000000000000000E+00  0.2500000000000000E+00  0.2500000000000000E+00
  0.2500000000000000E+00  0.2500000000000000E+00 -0.2500000000000000E+00  0.0000000000000000E+00  0.0000000000000000E+00 -0.2500000000000000E+00
  0.3125000000000000E-01  0.3535533845424652E+00
    16     7    10    22    20    35     3     2     0
  0.0000000000000000E+00  0.2500000000000000E+00  0.0000000000000000E+00  0.0000000000000000E+00  0.2500000000000000E+00  0.2500000000000000E+00
  0.2500000000000000E+00 -0.2500000000000000E+00  0.0000000000000000E+00  0.2500000000000000E+00 -0.2500000000000000E+00  0.0000000000000000E+00
  0.3125000000000000E-01  0.3535533845424652E+00
    15     1    10    20    19    36     3     2     0
  0.5000000000000000E+00  0.7500000000000000E+00  0.5000000000000000E+00  0.1000000000000000E+01  0.2500000000000000E+00  0.7500000000000000E+00
 -0.2500000000000000E+00  0.2500000000000000E+00  0.0000000000000000E+00 -0.2500000000000000E+00  0.2500000000000000E+00  0.0000000000000000E+00
  0.3125000000000000E-01  0.3535533845424652E+00
    19     9    11    26    25     8     3     2     2
  0.0000000000000000E+00  0.5000000000000000E+00  0.2500000000000000E+00  0.5000000000000000E+00  0.2500000000000000E+00  0.7500000000000000E+00
  0.2500000000000000E+00  0.0000000000000000E+00 -0.2500000000000000E+00  0.2500000000000000E+00  0.0000000000000000E+00 -0.2500000000000000E+00
  0.3125000000000000E-01  0.3535533845424652E+00
     6    14    11    17     4     2     1     2     2
  0.1000000000000000E+01  0.2500000000000000E+00  0.1000000000000000E+01  0.5000000000000000E+00  0.7500000000000000E+00  0.2500000000000000E+00
 -0.2500000000000000E+00  0.2500000000000000E+00  0.0000000000000000E+00 -0.2500000000000000E+00  0.2500000000000000E+00  0.0000000000000000E+00
  0.3125000000000000E-01  0.3535533845424652E+00
    22     8    12    30    28    37     3     2     0
  0.7500000000000000E+00  0.0000000000000000E+00  0.1000000000000000E+01  0.0000000000000000E+00  0.7500000000000000E+00  0.2500000000000000E+00
  0.2500000000000000E+00  0.2500000000000000E+00 -0.2500000000000000E+00  0.0000000000000000E+00  0.0000000000000000E+00 -0.2500000000000000E+00
  0.3125000000000000E-01  0.3535533845424652E+00
    21     2    12    28    27    38     3     2     0
  0.7500000000000000E+00  0.1000000000000000E+01  0.5000000000000000E+00  0.1000000000000000E+01  0.7500000000000000E+00  0.7500000000000000E+00
 -0.2500000000000000E+00 -0.2500000000000000E+00  0.2500000000000000E+00  0.0000000000000000E+00  0.0000000000000000E+00  0.2500000000000000E+00
  0.3125000000000000E-01  0.3535533845424652E+00
    25     9    13     8    32    39     1     2     0
  0.1000000000000000E+01  0.7500000000000000E+00  0.1000000000000000E+01  0.1000000000000000E+01  0.7500000000000000E+00  0.7500000000000000E+00
 -0.2500000000000000E+00  0.2500000000000000E+00  0.0000000000000000E+00 -0.2500000000000000E+00  0.2500000000000000E+00  0.0000000000000000E+00
  0.3125000000000000E-01  0.3535533845424652E+00
    24     3    13    32    31    40     3     2     0
  0.5000000000000000E+00  0.5000000000000000E+00  0.2500000000000000E+00  0.7500000000000000E+00  0.2500000000000000E+00  0.5000000000000000E+00
 -0.2500000000000000E+00  0.0000000000000000E+00  0.0000000000000000E+00 -0.2500000000000000E+00  0.2500000000000000E+00  0.2500000000000000E+00
  0.3125000000000000E-01  0.3535533845424652E+00
     5    11    14    12    18    25     1     1     3
  0.2500000000000000E+00  0.2500000000000000E+00  0.5000000000000000E+00  0.5000000000000000E+00  0.2500000000000000E+00  0.5000000000000000E+00
  0.0000000000000000E+00  0.2500000000000000E+00 -0.2500000000000000E+00  0.0000000000000000E+00  0.2500000000000000E+00 -0.2500000000000000E+00
  0.3125000000000000E-01  0.3535533845424652E+00
    10     5    14    17     2     5     2     1     3
  0.2500000000000000E+00  0.2500000000000000E+00  0.0000000000000000E+00  0.5000000000000000E+00  0.0000000000000000E+00  0.2500000000000000E+00
 -0.2500000000000000E+00  0.0000000000000000E+00  0.0000000000000000E+00 -0.2500000000000000E+00  0.2500000000000000E+00  0.2500000000000000E+00
  0.3125000000000000E-01  0.3535533845424652E+00
    10     6    15    41    10     2     0     2     3
  0.2500000000000000E+00  0.2500000000000000E+00  0.0000000000000000E+00  0.0000000000000000E+00  0.2500000000000000E+00  0.0000000000000000E+00
  0.0000000000000000E+00 -0.2500000000000000E+00  0.2500000000000000E+00  0.0000000000000000E+00 -0.2500000000000000E+00  0.2500000000000000E+00
  0.3125000000000000E-01  0.3535533845424652E+00
    10     1    16    42     9    10     0     2     1
  0.5000000000000000E+00  0.0000000000000000E+00  0.7500000000000000E+00  0.2500000000000000E+00  0.5000000000000000E+00  0.2500000000000000E+00
  0.0000000000000000E+00  0.2500000000000000E+00 -0.2500000000000000E+00  0.0000000000000000E+00  0.2500000000000000E+00 -0.2500000000000000E+00
  0.3125000000000000E-01  0.3535533845424652E+00
     7    12    17     6    22    27     3     1     3
  0.2500000000000000E+00  0.2500000000000000E+00  0.5000000000000000E+00  0.0000000000000000E+00  0.5000000000000000E+00  0.2500000000000000E+00
  0.2500000000000000E+00  0.0000000000000000E+00  0.0000000000000000E+00  0.2500000000000000E+00 -0.2500000000000000E+00 -0.2500000000000000E+00
  0.3125000000000000E-01  0.3535533845424652E+00
    10     7    17    21     5     9     2     1     1
  0.2500000000000000E+00  0.7500000000000000E+00  0.0000000000000000E+00  0.1000000000000000E+01  0.0000000000000000E+00  0.7500000000000000E+00
 -0.2500000000000000E+00  0.0000000000000000E+00  0.0000000000000000E+00 -0.2500000000000000E+00  0.2500000000000000E+00  0.2500000000000000E+00
  0.3125000000000000E-01  0.3535533845424652E+00
    11     4    18    43     4     3     0     3     2
  0.5000000000000000E+00  0.5000000000000000E+00  0.7500000000000000E+00  0.7500000000000000E+00  0.5000000000000000E+00  0.7500000000000000E+00
  0.0000000000000000E+00  0.2500000000000000E+00 -0.2500000000000000E+00  0.0000000000000000E+00  0.2500000000000000E+00 -0.2500000000000000E+00
  0.3125000000000000E-01  0.3535533845424652E+00
     5    13    19     8    25     1     3     1     1
  0.2500000000000000E+00  0.7500000000000000E+00  0.5000000000000000E+00  0.5000000000000000E+00  0.5000000000000000E+00  0.7500000000000000E+00
  0.2500000000000000E+00  0.0000000000000000E+00  0.0000000000000000E+00  0.2500000000000000E+00 -0.2500000000000000E+00 -0.2500000000000000E+00
  0.3125000000000000E-01  0.3535533845424652E+00
    11     5    19    24    11    17     2     2     3
  0.2500000000000000E+00  0.7500000000000000E+00  0.5000000000000000E+00  0.1000000000000000E+01  0.2500000000000000E+00  0.1000000000000000E+01
  0.0000000000000000E+00  0.2500000000000000E+00 -0.2500000000000000E+00  0.0000000000000000E+00  0.2500000000000000E+00 -0.2500000000000000E+00
  0.3125000000000000E-01  0.3535533845424652E+00
    11     9    20    44     3    11     0     3     1
  0.7500000000000000E+00  0.2500000000000000E+00  0.5000000000000000E+00  0.0000000000000000E+00  0.7500000000000000E+00  0.0000000000000000E+00
  0.0000000000000000E+00 -0.2500000000000000E+00  0.2500000000000000E+00  0.0000000000000000E+00 -0.2500000000000000E+00  0.2500000000000000E+00
  0.3125000000000000E-01  0.3535533845424652E+00
    12     7    21    45    14    21     0     2     3
  0.7500000000000000E+00  0.2500000000000000E+00  0.1000000000000000E+01  0.0000000000000000E+00  0.1000000000000000E+01  0.2500000000000000E+00
  0.2500000000000000E+00  0.0000000000000000E+00  0.0000000000000000E+00  0.2500000000000000E+00 -0.2500000000000000E+00 -0.2500000000000000E+00
  0.3125000000000000E-01  0.3535533845424652E+00
    12     2    22    46    13    14     0     2     1
  0.1000000000000000E+01  0.5000000000000000E+00  0.7500000000000000E+00  0.7500000000000000E+00  0.7500000000000000E+00  0.5000000000000000E+00
 -0.2500000000000000E+00  0.0000000000000000E+00  0.0000000000000000E+00 -0.2500000000000000E+00  0.2500000000000000E+00  0.2500000000000000E+00
  0.3125000000000000E-01  0.3535533845424652E+00
     8    13    23     1    30    31     3     1     3
  0.7500000000000000E+00  0.2500000000000000E+00  0.1000000000000000E+01  0.5000000000000000E+00  0.7500000000000000E+00  0.5000000000000000E+00
  0.0000000000000000E+00  0.2500000000000000E+00 -0.2500000000000000E+00  0.0000000000000000E+00  0.2500000000000000E+00 -0.2500000000000000E+00
  0.3125000000000000E-01  0.3535533845424652E+00
    12     8    23    29     7    13     2     1     1
  0.7500000000000000E+00  0.7500000000000000E+00  0.1000000000000000E+01  0.5000000000000000E+00  0.1000000000000000E+01  0.7500000000000000E+00
  0.2500000000000000E+00  0.0000000000000000E+00  0.0000000000000000E+00  0.2500000000000000E+00 -0.2500000000000000E+00 -0.2500000000000000E+00
  0.3125000000000000E-01  0.3535533845424652E+00
    13     8    24    47    16    29     0     2     3
  0.7500000000000000E+00  0.7500000000000000E+00  0.1000000000000000E+01  0.1000000000000000E+01  0.7500000000000000E+00  0.1000000000000000E+01
  0.0000000000000000E+00  0.2500000000000000E+00 -0.2500000000000000E+00  0.0000000000000000E+00  0.2500000000000000E+00 -0.2500000000000000E+00
  0.3125000000000000E-01  0.3535533845424652E+00
    13     3    25    48    15    16     0     2     1
