 25
       1    0.0000000000E+00    0.0000000000E+00    7
       2    0.1000000000E+01    0.0000000000E+00    7
       3    0.1000000000E+01    0.1000000000E+01    7
       4    0.0000000000E+00    0.1000000000E+01    7
       5    0.5000000000E+00    0.5000000000E+00    0
       6    0.0000000000E+00    0.5000000000E+00    7
       7    0.5000000000E+00    0.0000000000E+00    7
       8    0.1000000000E+01    0.5000000000E+00    7
       9    0.5000000000E+00    0.1000000000E+01    7
      10    0.2500000000E+00    0.2500000000E+00    0
      11    0.2500000000E+00    0.7500000000E+00    0
      12    0.7500000000E+00    0.2500000000E+00    0
      13    0.7500000000E+00    0.7500000000E+00    0
      14    0.2500000000E+00    0.5000000000E+00    0
      15    0.0000000000E+00    0.2500000000E+00    7
      16    0.2500000000E+00    0.0000000000E+00    7
      17    0.5000000000E+00    0.2500000000E+00    0
      18    0.0000000000E+00    0.7500000000E+00    7
      19    0.5000000000E+00    0.7500000000E+00    0
      20    0.2500000000E+00    0.1000000000E+01    7
      21    0.7500000000E+00    0.0000000000E+00    7
      22    0.1000000000E+01    0.2500000000E+00    7
      23    0.7500000000E+00    0.5000000000E+00    0
      24    0.1000000000E+01    0.7500000000E+00    7
      25    0.7500000000E+00    0.1000000000E+01    7
 32
       1      23      13       5
       2       6      10      14
       3      11      20       4
       4      11      18       6
       5       5      10      17
       6      17      12       5
       7       5      12      23
       8      19      13       9
       9      16       7      10
      10      15       1      10
      11      19       9      11
      12       6      14      11
      13      22       8      12
      14      21       2      12
      15      25       9      13
      16      24       3      13
      17       5      11      14
      18      10       5      14
      19      10       6      15
      20      10       1      16
      21       7      12      17
      22      10       7      17
      23      11       4      18
      24       5      13      19
      25      11       5      19
      26      11       9      20
      27      12       7      21
      28      12       2      22
      29       8      13      23
      30      12       8      23
      31      13       8      24
      32      13       3      25
 56
       1      23      13
       2      13       5
       3       5      23
       4       6      10
       5      10      14
       6      14       6
       7      11      20
       8      20       4
       9       4      11
      10      11      18
      11      18       6
      12       6      11
      13       5      10
      14      10      17
      15      17       5
      16      17      12
      17      12       5
      18      12      23
      19      19      13
      20      13       9
      21       9      19
      22      16       7
      23       7      10
      24      10      16
      25      15       1
      26       1      10
      27      10      15
      28       9      11
      29      11      19
      30      14      11
      31      22       8
      32       8      12
      33      12      22
      34      21       2
      35       2      12
      36      12      21
      37      25       9
      38      13      25
      39      24       3
      40       3      13
      41      13      24
      42       5      11
      43      14       5
      44       6      15
      45       1      16
      46       7      12
      47      17       7
      48       4      18
      49      19       5
      50       9      20
      51       7      21
      52       2      22
      53       8      13
      54      23       8
      55       8      24
      56       3      25
