 -2.5177951E-07  1.3933705E-07 -2.3294297E-07  2.1887121E-08  1.7046954E-08
  4.9288317E-08 -3.1065890E-03 -6.4423145E-04 -2.5960156E-03 -8.7175437E-04
 -4.9699211E-05 -2.0796088E-04  4.2087830E-14 -1.8183300E-13 -9.5223200E-16
 -1.5876546E-13 -1.3792339E-14 -3.7701582E-14 -2.1933900E-05 -3.0401011E-06
  1.0650407E-05  2.8307861E-06 -1.4861556E-06  2.3718965E-06 -4.9879183E-03
 -3.0812195E-03 -2.0391605E-04 -4.1256254E-03 -2.1044703E-03  1.0658915E-03
 -7.6095772E-04  1.3080533E-03 -8.8915857E-04  8.9784455E-04 -1.8283205E-04
 -1.3328453E-04  5.9203396E-04 -3.8027800E-05  7.1319351E-05 -3.0892490E-05
 -1.1613476E-04  1.0455937E-04 -4.6673034E-09 -3.4085448E-09  2.9537726E-09
 -2.3244500E-09  1.1214417E-09 -5.3482316E-09  0.4298863      8.2943931E-02
  0.1819763      1.9560698E-03  9.7807972E-03  1.9697284E-02  4.4254581E-03
  9.5460992E-03 -1.2469567E-02 -4.0856423E-03  5.3425139E-04 -1.0705596E-02
  2.2992940E-06  2.5555587E-06 -4.4051404E-07  4.8040658E-08  1.9650918E-06
  1.3080921E-07 -3.6628462E-05 -1.1229030E-05  4.7804071E-05  1.1859838E-05
 -6.3276530E-05 -5.4005413E-06 -4.0589264E-04 -9.5621472E-06  3.0787635E-04
 -2.5999452E-05  6.4829532E-05 -1.8276277E-04  2.4208229E-03 -1.0951440E-03
 -1.0033771E-03 -1.9714893E-05 -2.1180649E-04 -3.9782774E-04 -3.5183974E-09
 -2.2523958E-09  2.1476887E-09 -2.6550381E-10 -2.6875591E-10 -1.5186452E-09
  6.3395213E-08  1.1135455E-07 -2.1752589E-08  6.6558826E-08  3.4447201E-08
 -1.2475165E-08  3.6490630E-04  1.1148015E-04 -2.7353942E-04  7.3569240E-06
 -9.2164373E-07  3.5411693E-05 -3.8402230E-03  3.8146495E-03 -1.0075101E-03
 -1.7173983E-03 -6.2523881E-04  3.8748153E-04 -1.6070103E-03 -6.3791028E-03
  3.6898078E-04 -1.4933401E-02 -5.0357804E-03 -1.0597352E-04  6.9176152E-02
 -1.4297262E-02 -5.0182447E-02  3.7275730E-03 -1.6278915E-02 -2.8216685E-03
  3.8286757E-02  2.0209724E-02 -3.7407342E-02 -2.8130767E-04 -3.1862508E-03
 -6.5881745E-03  0.6633481      3.7829190E-02  0.1684919      9.2174569E-03
  3.4645669E-02  3.0564204E-02 -2.5450851E-14 -1.3502735E-12  2.8152211E-12
 -1.1188545E-14  7.8415350E-13  2.6468684E-12  9.5308565E-07 -8.2465988E-07
  2.1700662E-07  3.8432256E-07  3.5531488E-07  3.1124998E-08 -1.8072535E-05
 -1.6118273E-06 -3.9767378E-06 -5.9313720E-06 -2.0286472E-05 -1.9055666E-06
 -2.3036726E-08 -1.4249921E-08  3.6925080E-08 -3.3299641E-09 -6.6275669E-09
 -5.9365536E-08 -3.9775004E-03 -3.6173463E-03 -5.5773379E-03 -2.8315390E-04
  6.5232499E-04 -2.2133197E-04 -3.5929945E-04 -7.2594074E-04  1.4809011E-04
 -4.5673404E-04  8.9302439E-06 -2.4356331E-04  8.9813774E-08  8.9129952E-07
  8.1428695E-08  9.6964152E-07  3.0242273E-07  1.1278787E-07 -4.5565619E-05
  1.7224925E-04  3.7573842E-05 -2.2735090E-05  1.3550354E-05 -6.5035034E-05
  3.8801900E-08  1.6262898E-07  4.4245729E-07 -1.4282107E-07 -2.9159753E-07
  4.9838082E-08 -7.3598874E-09  2.6670883E-09 -9.1142400E-09 -3.3545307E-09
 -5.2064048E-10  5.5634528E-09  4.7863505E-04  1.4558743E-04 -2.1340411E-04
  2.3215101E-05 -7.1813971E-05 -2.6137976E-04  6.7186879E-04  6.3264517E-05
 -7.2571030E-04  9.3382310E-05 -2.3376216E-04 -1.0153928E-04  0.2117114    
 -9.1972880E-02  7.1815312E-02 -4.6304744E-03  1.9861516E-02 -1.1247986E-02
 -5.2984636E-03 -2.4107290E-03 -7.4839033E-04 -3.1977356E-03  1.5217450E-03
 -1.4503907E-03  3.6182616E-06  3.5605585E-06 -4.2035972E-05  2.5777246E-05
 -3.8432943E-05 -2.5354716E-06  1.0343911E-03  5.1444109E-05  1.7705873E-04
 -4.4392869E-05  2.8750385E-04  2.7125276E-04 -9.5155673E-07 -1.6491304E-06
  3.7165378E-06 -3.4695185E-07  1.3156117E-06  2.0526620E-06  2.2133737E-04
 -3.0751369E-04  4.8199847E-05 -3.0577201E-05  2.2728713E-05 -4.9050795E-05
 -1.9014064E-03  2.2324431E-03  2.6789447E-03 -2.3271998E-03 -1.0536695E-03
  9.3658705E-04 -2.4782983E-04 -4.6862487E-04  7.5058424E-04 -1.9272849E-05
  2.3639583E-04  6.9252669E-04  0.6780330      3.2328192E-02 -0.1620835    
  1.0780414E-02  3.5615295E-02  2.7898001E-02  0.4430691      8.6033277E-02
 -0.1866371     -1.5472067E-03  1.0649350E-02 -1.0094047E-02 -5.0951582E-03
  2.4747457E-03  6.2276837E-03  8.0180692E-04  1.0414842E-03  1.5181528E-05
  0.2217826     -1.1346512E-02  0.1217519      2.3376711E-02  1.8562515E-03
 -1.9831380E-02 -1.6765011E-04  9.0874732E-05 -4.1562994E-04 -2.7467657E-05
 -4.5094604E-04 -2.0069860E-04  1.1867654E-02 -3.0538764E-02  4.3263733E-03
 -1.3969161E-02  2.2027916E-03 -1.0804691E-02 -5.8849338E-08  1.3542177E-08
  5.2512636E-08 -5.3622660E-08 -2.7266909E-08  9.5449755E-09  1.1848748E-07
  1.3552142E-07  7.4809157E-07  1.3423107E-08 -1.9764876E-08  1.8909535E-08
 -3.4372842E-08 -1.2464986E-08  3.0872727E-08 -9.5225374E-09 -3.2764385E-09
 -4.1259135E-08 -9.6953258E-11  2.5943365E-09 -2.7378404E-08  1.8790736E-09
 -2.5682526E-08 -3.5621547E-08  2.2714520E-04 -1.9604521E-04  1.2382425E-04
  3.4398669E-05  2.8137323E-05 -2.2331233E-05 -4.7999229E-06 -3.2096143E-06
 -5.0407111E-06  1.0974402E-06  1.0222551E-07 -9.0841684E-07  4.5424486E-09
 -3.8579673E-09 -2.1915531E-10  9.0838947E-10 -1.1629621E-12  1.5671258E-09
  8.1315228E-08  2.3832191E-08  1.4106828E-08  1.4958864E-07  1.5972041E-08
  3.8747771E-08  5.4822732E-07 -3.1906136E-05  1.0261514E-04  7.9003039E-06
  1.7399479E-05  6.0419636E-05  2.3774619E-05 -4.4179519E-06  1.6669020E-04
 -3.7429887E-05  1.4013631E-04  4.5153993E-05  4.1909734E-05  7.6328062E-05
 -2.2623286E-05 -4.0152521E-05  9.5126852E-06 -3.0351437E-06 -7.9369274E-06
  7.6054980E-06  2.1628468E-06 -1.8752572E-06 -9.2253367E-07 -2.1262835E-05
  4.6141093E-07 -2.1506604E-08 -1.4328332E-07 -1.3965541E-07  2.3309440E-07
  9.0526456E-08 -1.4092175E-06  9.1231013E-06  1.9326922E-06 -4.8717511E-06
 -5.5798714E-06  7.3571950E-06 -2.4336431E-12  7.7643913E-13  2.0407395E-13
 -1.0052167E-12 -1.6886396E-12  5.3632202E-13 -1.1202247E-13 -2.0097545E-13
  3.4512814E-13  6.7914064E-15  8.7717607E-14  2.9188951E-13  2.3340778E-02
 -2.3072261E-02  1.1771001E-02 -4.6580160E-04  7.5494018E-03 -6.8551898E-03
 -1.3461510E-03  5.8630290E-03  9.4860569E-03 -6.1823390E-03 -9.6956920E-03
  1.1394559E-03  4.1155572E-04 -2.2365732E-04 -1.9222668E-04  1.1726552E-05
  6.0686725E-06 -2.5632482E-05  6.6738558E-04  1.3674908E-05 -2.4141320E-04
 -2.4278092E-04 -4.0290019E-04  2.7932986E-04  2.8828011E-04 -4.4324793E-04
 -6.9259884E-05 -2.5714422E-04 -3.8332542E-05 -6.4571766E-05 -2.7980709E-03
 -1.5892779E-03 -3.1173410E-04 -1.2850660E-04 -2.5697061E-04  1.9857958E-05
 -2.2802023E-04 -8.1151549E-04  6.3957873E-04 -2.0090077E-04 -1.3023983E-04
  2.3531094E-04  5.8186939E-04 -1.9141071E-04  1.8330132E-04 -1.4998413E-04
  1.6295546E-04  2.0554935E-04 -4.1184239E-03  3.7577471E-03  1.1824101E-03
 -1.9303450E-03 -2.1173521E-04 -4.8995763E-04  0.5383796      0.1691712    
  0.1027431      7.1236938E-03  2.2226747E-02  1.2319718E-02  0.1701504    
  7.4691586E-02 -5.8304578E-02 -2.3331461E-03  1.4814399E-02 -1.0504950E-02
  1.2196710E-02 -2.5131837E-02 -1.8891902E-03 -1.6754363E-02 -8.6993240E-03
  2.2895597E-03  4.4939581E-02  1.2838788E-02  4.3044701E-02  5.6868382E-03
 -5.5714035E-03 -7.1605677E-03 -3.5133315E-05 -1.9015461E-05  1.8506280E-05
 -9.8244636E-06  1.3258310E-07 -1.3149260E-05 -3.0562958E-05 -2.3045863E-05
 -2.3823295E-06 -1.0561648E-05 -2.9633873E-05 -6.0277893E-07  5.9142920E-05
 -1.5527285E-04 -1.5840904E-05 -4.7839774E-05 -1.6597449E-05 -1.2287461E-06
  3.2844866E-04 -2.0385593E-05  2.3596165E-04  3.6759644E-05 -4.5055007E-05
 -1.1952855E-05 -5.5513641E-07  4.2935156E-07  1.2612518E-06 -1.0122076E-07
  7.9555804E-07  2.8717616E-07 -1.6909818E-05  2.1234107E-06 -2.5083494E-07
 -2.1853404E-05 -2.5437266E-06 -4.5086458E-06  9.9720455E-07 -3.1450949E-08
 -3.1363655E-07  1.4796342E-07  4.5053548E-07 -8.3043140E-08 -4.4849744E-06
  4.9154810E-06 -1.1940331E-06  2.8208515E-07 -3.4630679E-07  4.8475306E-07
 -2.0108084E-06  4.2987217E-06  1.7211433E-06  1.5379125E-06  1.9089025E-06
  3.6717271E-08 -5.3221843E-04  1.7296893E-03 -6.6799133E-05  2.6406182E-04
 -1.6429173E-04  2.9465518E-04 -8.5195422E-04  1.2241297E-03  5.5469963E-04
  3.7108461E-04  5.5599184E-04 -9.1897244E-05  0.3460197      0.1439354    
  0.1371539     -1.2397747E-02 -1.3334014E-02  1.2016134E-02  4.9943198E-02
  3.6211561E-02 -2.4812061E-02 -9.3243839E-03  7.5938930E-03 -8.5534565E-03
  0.3513284     -0.1861687     -5.7627779E-02 -1.8365733E-02 -7.6884027E-03
  1.0069260E-02  0.1716709      1.3138209E-02 -0.1029686      1.1004451E-02
 -8.2192123E-03 -1.1627756E-02  0.5730061     -0.1852975     -9.0787210E-02
  7.0994729E-03 -5.8207236E-04  7.2651552E-03  1.0531385E-04 -2.9205924E-03
  5.2026343E-03  9.7493175E-04 -2.0204384E-03  6.8600394E-04 -8.3720433E-03
  5.1073614E-03  3.7525308E-03 -9.3561452E-04 -7.3879148E-04 -6.0453399E-06
  1.0238924E-02 -1.4669145E-04  2.5119800E-02  6.0828393E-03 -4.3778643E-03
 -6.9172783E-03  1.8556784E-03 -2.9169483E-04 -1.4407925E-03 -2.2181304E-04
 -3.4682057E-04  1.3343425E-04 -1.2284262E-03  5.9270733E-03  1.2072617E-03
  1.6249227E-03  8.5469167E-04 -2.9767610E-04 -2.6087335E-04  5.2696705E-06
 -1.0344348E-04 -2.6410021E-04 -2.1088225E-04 -6.2632156E-05  2.1890411E-03
 -1.0505089E-03  9.4323675E-04  8.7385888E-05  8.1944178E-05 -5.9700652E-04
  8.2767386E-08  2.0952811E-07 -4.3888072E-08  1.5874416E-07  9.9003799E-08
 -5.5178912E-08  1.6226145E-04 -8.1529601E-05  7.0817267E-05 -2.9602353E-04
 -2.7019429E-04  4.9152808E-05  3.8851265E-13 -2.0926421E-13 -3.1214167E-13
 -6.6444409E-14 -1.1466725E-13 -3.7949675E-14  9.7231964E-07 -5.8885576E-07
  9.0953790E-08  4.1607311E-07  9.6044296E-08  4.2800089E-08  5.9615797E-07
  4.2485274E-07  4.5376473E-07  1.7766107E-08  2.7381296E-07  6.7827656E-08
  7.2541562E-14 -2.4558719E-13  5.8756342E-15 -1.4301567E-13 -6.6624952E-15
 -4.0689152E-14  2.4557889E-07 -3.5043708E-09 -1.1431879E-07  4.1384780E-07
  5.7876608E-08  9.1687802E-08  4.2956771E-07 -2.2141258E-08 -1.6098660E-08
  3.1480983E-08  4.6548340E-07  8.6612133E-08 -3.4232773E-08  2.0830429E-08
  6.2012928E-09 -4.8788671E-08 -4.2889767E-09 -1.5585432E-08  1.0801314E-09
  9.1749683E-09  3.2535137E-09 -1.0972844E-08  7.4182824E-09 -3.3322287E-09
  3.0173544E-07 -4.2079068E-07 -2.8150131E-07  4.4326555E-07 -9.6839884E-08
  2.5411742E-07  7.0283716E-07 -7.6704765E-07 -1.0886523E-06  9.8083387E-07
  3.1183013E-06 -7.0771023E-08 -3.8851994E-07 -7.3964833E-07  1.7246739E-08
  4.1316349E-07  2.6118407E-08 -6.7898278E-12 -8.2622797E-09 -5.2108646E-08
  1.8036442E-08 -1.8271313E-08  8.3952845E-09 -2.8684205E-08 -8.9998862E-09
 -1.3279910E-08 -2.8800695E-09  1.7789212E-09 -2.8388394E-08 -4.3592077E-09
 -2.5225384E-09  2.5745146E-09 -3.9898682E-10 -7.0349304E-10  4.8275628E-10
 -5.9359440E-10 -9.2015200E-04  1.4100998E-04  3.1627351E-04 -6.5438056E-05
 -4.4187429E-04 -2.4411165E-04  9.3056304E-05  4.8227219E-05  2.8680219E-05
  8.3240593E-05  6.8722125E-05 -4.4558524E-06  2.3292376E-04  9.8426332E-05
 -1.9758751E-05 -9.1716547E-06 -3.6908530E-06  5.0422303E-05 -6.5219436E-05
  2.1240045E-04  8.7386863E-05  1.5678974E-05  1.0872722E-04 -2.5643161E-05
 -5.4951826E-05 -5.3493553E-05 -2.7724388E-06 -3.1323008E-05 -5.9279673E-06
 -2.4972096E-05  9.2940018E-06 -3.6731913E-06 -6.6036359E-06  1.2834963E-06
 -5.3378500E-07  1.0166644E-06 -1.7776869E-05  2.7431579E-07  7.4962231E-06
 -1.6036784E-05  5.9105076E-07 -4.6465834E-06 -2.2338870E-06  1.0602769E-06
  1.1611605E-06 -3.3779475E-07 -1.7252642E-06 -7.9582787E-07 -5.0685099E-08
  5.3643095E-08  1.3174510E-07  7.8062312E-09  9.4259242E-08  3.2035317E-08
  3.3274947E-07 -5.5837023E-07  1.1271477E-07  2.2135656E-10  7.1411229E-08
 -2.1601192E-09 -2.6392671E-13  6.3425730E-13 -4.4890232E-14  2.0394417E-13
 -2.5304384E-14  1.0040143E-13 -6.8419418E-13  4.1936688E-13  5.2017499E-13
  1.2236836E-13  2.1004812E-13  8.3910079E-14
