 289
       1    0.0000000000E+00    0.0000000000E+00    7
       2    0.1000000000E+01    0.0000000000E+00    7
       3    0.1000000000E+01    0.1000000000E+01    7
       4    0.0000000000E+00    0.1000000000E+01    7
       5    0.5000000000E+00    0.5000000000E+00    0
       6    0.0000000000E+00    0.5000000000E+00    7
       7    0.5000000000E+00    0.0000000000E+00    7
       8    0.1000000000E+01    0.5000000000E+00    7
       9    0.5000000000E+00    0.1000000000E+01    7
      10    0.2500000000E+00    0.2500000000E+00    0
      11    0.2500000000E+00    0.7500000000E+00    0
      12    0.7500000000E+00    0.2500000000E+00    0
      13    0.7500000000E+00    0.7500000000E+00    0
      14    0.2500000000E+00    0.5000000000E+00    0
      15    0.0000000000E+00    0.2500000000E+00    7
      16    0.2500000000E+00    0.0000000000E+00    7
      17    0.5000000000E+00    0.2500000000E+00    0
      18    0.0000000000E+00    0.7500000000E+00    7
      19    0.5000000000E+00    0.7500000000E+00    0
      20    0.2500000000E+00    0.1000000000E+01    7
      21    0.7500000000E+00    0.0000000000E+00    7
      22    0.1000000000E+01    0.2500000000E+00    7
      23    0.7500000000E+00    0.5000000000E+00    0
      24    0.1000000000E+01    0.7500000000E+00    7
      25    0.7500000000E+00    0.1000000000E+01    7
      26    0.1250000000E+00    0.3750000000E+00    0
      27    0.3750000000E+00    0.3750000000E+00    0
      28    0.3750000000E+00    0.6250000000E+00    0
      29    0.1250000000E+00    0.6250000000E+00    0
      30    0.1250000000E+00    0.1250000000E+00    0
      31    0.3750000000E+00    0.1250000000E+00    0
      32    0.6250000000E+00    0.1250000000E+00    0
      33    0.6250000000E+00    0.3750000000E+00    0
      34    0.1250000000E+00    0.8750000000E+00    0
      35    0.3750000000E+00    0.8750000000E+00    0
      36    0.6250000000E+00    0.6250000000E+00    0
      37    0.6250000000E+00    0.8750000000E+00    0
      38    0.8750000000E+00    0.1250000000E+00    0
      39    0.8750000000E+00    0.3750000000E+00    0
      40    0.8750000000E+00    0.6250000000E+00    0
      41    0.8750000000E+00    0.8750000000E+00    0
      42    0.2500000000E+00    0.3750000000E+00    0
      43    0.1250000000E+00    0.5000000000E+00    0
      44    0.0000000000E+00    0.3750000000E+00    7
      45    0.1250000000E+00    0.2500000000E+00    0
      46    0.3750000000E+00    0.5000000000E+00    0
      47    0.3750000000E+00    0.2500000000E+00    0
      48    0.5000000000E+00    0.3750000000E+00    0
      49    0.2500000000E+00    0.6250000000E+00    0
      50    0.5000000000E+00    0.6250000000E+00    0
      51    0.3750000000E+00    0.7500000000E+00    0
      52    0.1250000000E+00    0.7500000000E+00    0
      53    0.0000000000E+00    0.6250000000E+00    7
      54    0.0000000000E+00    0.1250000000E+00    7
      55    0.1250000000E+00    0.0000000000E+00    7
      56    0.2500000000E+00    0.1250000000E+00    0
      57    0.3750000000E+00    0.0000000000E+00    7
      58    0.5000000000E+00    0.1250000000E+00    0
      59    0.6250000000E+00    0.2500000000E+00    0
      60    0.6250000000E+00    0.0000000000E+00    7
      61    0.7500000000E+00    0.1250000000E+00    0
      62    0.7500000000E+00    0.3750000000E+00    0
      63    0.6250000000E+00    0.5000000000E+00    0
      64    0.0000000000E+00    0.8750000000E+00    7
      65    0.2500000000E+00    0.8750000000E+00    0
      66    0.1250000000E+00    0.1000000000E+01    7
      67    0.5000000000E+00    0.8750000000E+00    0
      68    0.3750000000E+00    0.1000000000E+01    7
      69    0.6250000000E+00    0.7500000000E+00    0
      70    0.7500000000E+00    0.6250000000E+00    0
      71    0.7500000000E+00    0.8750000000E+00    0
      72    0.6250000000E+00    0.1000000000E+01    7
      73    0.8750000000E+00    0.0000000000E+00    7
      74    0.1000000000E+01    0.1250000000E+00    7
      75    0.8750000000E+00    0.2500000000E+00    0
      76    0.1000000000E+01    0.3750000000E+00    7
      77    0.8750000000E+00    0.5000000000E+00    0
      78    0.1000000000E+01    0.6250000000E+00    7
      79    0.8750000000E+00    0.7500000000E+00    0
      80    0.1000000000E+01    0.8750000000E+00    7
      81    0.8750000000E+00    0.1000000000E+01    7
      82    0.1875000000E+00    0.4375000000E+00    0
      83    0.1875000000E+00    0.3125000000E+00    0
      84    0.3125000000E+00    0.3125000000E+00    0
      85    0.3125000000E+00    0.4375000000E+00    0
      86    0.6250000000E-01    0.4375000000E+00    0
      87    0.1875000000E+00    0.5625000000E+00    0
      88    0.6250000000E-01    0.5625000000E+00    0
      89    0.6250000000E-01    0.3125000000E+00    0
      90    0.6250000000E-01    0.1875000000E+00    0
      91    0.1875000000E+00    0.1875000000E+00    0
      92    0.4375000000E+00    0.4375000000E+00    0
      93    0.4375000000E+00    0.5625000000E+00    0
      94    0.3125000000E+00    0.5625000000E+00    0
      95    0.4375000000E+00    0.3125000000E+00    0
      96    0.3125000000E+00    0.1875000000E+00    0
      97    0.4375000000E+00    0.1875000000E+00    0
      98    0.5625000000E+00    0.3125000000E+00    0
      99    0.5625000000E+00    0.4375000000E+00    0
     100    0.3125000000E+00    0.6875000000E+00    0
     101    0.1875000000E+00    0.6875000000E+00    0
     102    0.4375000000E+00    0.6875000000E+00    0
     103    0.5625000000E+00    0.5625000000E+00    0
     104    0.5625000000E+00    0.6875000000E+00    0
     105    0.4375000000E+00    0.8125000000E+00    0
     106    0.3125000000E+00    0.8125000000E+00    0
     107    0.6250000000E-01    0.6875000000E+00    0
     108    0.1875000000E+00    0.8125000000E+00    0
     109    0.6250000000E-01    0.8125000000E+00    0
     110    0.6250000000E-01    0.6250000000E-01    0
     111    0.1875000000E+00    0.6250000000E-01    0
     112    0.3125000000E+00    0.6250000000E-01    0
     113    0.4375000000E+00    0.6250000000E-01    0
     114    0.5625000000E+00    0.6250000000E-01    0
     115    0.5625000000E+00    0.1875000000E+00    0
     116    0.6875000000E+00    0.1875000000E+00    0
     117    0.6875000000E+00    0.3125000000E+00    0
     118    0.6875000000E+00    0.6250000000E-01    0
     119    0.8125000000E+00    0.6250000000E-01    0
     120    0.8125000000E+00    0.1875000000E+00    0
     121    0.6875000000E+00    0.4375000000E+00    0
     122    0.8125000000E+00    0.3125000000E+00    0
     123    0.8125000000E+00    0.4375000000E+00    0
     124    0.6875000000E+00    0.5625000000E+00    0
     125    0.6250000000E-01    0.9375000000E+00    0
     126    0.1875000000E+00    0.9375000000E+00    0
     127    0.3125000000E+00    0.9375000000E+00    0
     128    0.4375000000E+00    0.9375000000E+00    0
     129    0.5625000000E+00    0.8125000000E+00    0
     130    0.5625000000E+00    0.9375000000E+00    0
     131    0.6875000000E+00    0.6875000000E+00    0
     132    0.6875000000E+00    0.8125000000E+00    0
     133    0.8125000000E+00    0.5625000000E+00    0
     134    0.8125000000E+00    0.6875000000E+00    0
     135    0.6875000000E+00    0.9375000000E+00    0
     136    0.8125000000E+00    0.8125000000E+00    0
     137    0.8125000000E+00    0.9375000000E+00    0
     138    0.9375000000E+00    0.6250000000E-01    0
     139    0.9375000000E+00    0.1875000000E+00    0
     140    0.9375000000E+00    0.3125000000E+00    0
     141    0.9375000000E+00    0.4375000000E+00    0
     142    0.9375000000E+00    0.5625000000E+00    0
     143    0.9375000000E+00    0.6875000000E+00    0
     144    0.9375000000E+00    0.8125000000E+00    0
     145    0.9375000000E+00    0.9375000000E+00    0
     146    0.1875000000E+00    0.3750000000E+00    0
     147    0.2500000000E+00    0.4375000000E+00    0
     148    0.1875000000E+00    0.5000000000E+00    0
     149    0.1250000000E+00    0.4375000000E+00    0
     150    0.2500000000E+00    0.3125000000E+00    0
     151    0.1250000000E+00    0.3125000000E+00    0
     152    0.1875000000E+00    0.2500000000E+00    0
     153    0.3125000000E+00    0.3750000000E+00    0
     154    0.3125000000E+00    0.2500000000E+00    0
     155    0.3750000000E+00    0.3125000000E+00    0
     156    0.3750000000E+00    0.4375000000E+00    0
     157    0.3125000000E+00    0.5000000000E+00    0
     158    0.6250000000E-01    0.5000000000E+00    0
     159    0.0000000000E+00    0.4375000000E+00    7
     160    0.6250000000E-01    0.3750000000E+00    0
     161    0.1250000000E+00    0.5625000000E+00    0
     162    0.2500000000E+00    0.5625000000E+00    0
     163    0.1875000000E+00    0.6250000000E+00    0
     164    0.6250000000E-01    0.6250000000E+00    0
     165    0.0000000000E+00    0.5625000000E+00    7
     166    0.0000000000E+00    0.3125000000E+00    7
     167    0.6250000000E-01    0.2500000000E+00    0
     168    0.1250000000E+00    0.1875000000E+00    0
     169    0.0000000000E+00    0.1875000000E+00    7
     170    0.6250000000E-01    0.1250000000E+00    0
     171    0.1875000000E+00    0.1250000000E+00    0
     172    0.2500000000E+00    0.1875000000E+00    0
     173    0.4375000000E+00    0.5000000000E+00    0
     174    0.4375000000E+00    0.3750000000E+00    0
     175    0.5000000000E+00    0.4375000000E+00    0
     176    0.3750000000E+00    0.5625000000E+00    0
     177    0.5000000000E+00    0.5625000000E+00    0
     178    0.4375000000E+00    0.6250000000E+00    0
     179    0.3125000000E+00    0.6250000000E+00    0
     180    0.4375000000E+00    0.2500000000E+00    0
     181    0.5000000000E+00    0.3125000000E+00    0
     182    0.3750000000E+00    0.1875000000E+00    0
     183    0.3125000000E+00    0.1250000000E+00    0
     184    0.4375000000E+00    0.1250000000E+00    0
     185    0.5000000000E+00    0.1875000000E+00    0
     186    0.5625000000E+00    0.3750000000E+00    0
     187    0.5625000000E+00    0.2500000000E+00    0
     188    0.6250000000E+00    0.3125000000E+00    0
     189    0.6250000000E+00    0.4375000000E+00    0
     190    0.5625000000E+00    0.5000000000E+00    0
     191    0.2500000000E+00    0.6875000000E+00    0
     192    0.3750000000E+00    0.6875000000E+00    0
     193    0.3125000000E+00    0.7500000000E+00    0
     194    0.1875000000E+00    0.7500000000E+00    0
     195    0.1250000000E+00    0.6875000000E+00    0
     196    0.5000000000E+00    0.6875000000E+00    0
     197    0.4375000000E+00    0.7500000000E+00    0
     198    0.5625000000E+00    0.6250000000E+00    0
     199    0.6250000000E+00    0.5625000000E+00    0
     200    0.6250000000E+00    0.6875000000E+00    0
     201    0.5625000000E+00    0.7500000000E+00    0
     202    0.3750000000E+00    0.8125000000E+00    0
     203    0.5000000000E+00    0.8125000000E+00    0
     204    0.4375000000E+00    0.8750000000E+00    0
     205    0.3125000000E+00    0.8750000000E+00    0
     206    0.2500000000E+00    0.8125000000E+00    0
     207    0.6250000000E-01    0.7500000000E+00    0
     208    0.0000000000E+00    0.6875000000E+00    7
     209    0.1250000000E+00    0.8125000000E+00    0
     210    0.1875000000E+00    0.8750000000E+00    0
     211    0.6250000000E-01    0.8750000000E+00    0
     212    0.0000000000E+00    0.8125000000E+00    7
     213    0.0000000000E+00    0.6250000000E-01    7
     214    0.6250000000E-01    0.0000000000E+00    7
     215    0.1250000000E+00    0.6250000000E-01    0
     216    0.1875000000E+00    0.0000000000E+00    7
     217    0.2500000000E+00    0.6250000000E-01    0
     218    0.3125000000E+00    0.0000000000E+00    7
     219    0.3750000000E+00    0.6250000000E-01    0
     220    0.4375000000E+00    0.0000000000E+00    7
     221    0.5000000000E+00    0.6250000000E-01    0
     222    0.5625000000E+00    0.1250000000E+00    0
     223    0.5625000000E+00    0.0000000000E+00    7
     224    0.6250000000E+00    0.6250000000E-01    0
     225    0.6250000000E+00    0.1875000000E+00    0
     226    0.6875000000E+00    0.2500000000E+00    0
     227    0.6875000000E+00    0.1250000000E+00    0
     228    0.7500000000E+00    0.1875000000E+00    0
     229    0.7500000000E+00    0.3125000000E+00    0
     230    0.6875000000E+00    0.3750000000E+00    0
     231    0.6875000000E+00    0.0000000000E+00    7
     232    0.7500000000E+00    0.6250000000E-01    0
     233    0.8125000000E+00    0.1250000000E+00    0
     234    0.8125000000E+00    0.0000000000E+00    7
     235    0.8750000000E+00    0.6250000000E-01    0
     236    0.8750000000E+00    0.1875000000E+00    0
     237    0.8125000000E+00    0.2500000000E+00    0
     238    0.7500000000E+00    0.4375000000E+00    0
     239    0.6875000000E+00    0.5000000000E+00    0
     240    0.8125000000E+00    0.3750000000E+00    0
     241    0.8750000000E+00    0.3125000000E+00    0
     242    0.8750000000E+00    0.4375000000E+00    0
     243    0.8125000000E+00    0.5000000000E+00    0
     244    0.7500000000E+00    0.5625000000E+00    0
     245    0.6875000000E+00    0.6250000000E+00    0
     246    0.0000000000E+00    0.9375000000E+00    7
     247    0.1250000000E+00    0.9375000000E+00    0
     248    0.6250000000E-01    0.1000000000E+01    7
     249    0.2500000000E+00    0.9375000000E+00    0
     250    0.1875000000E+00    0.1000000000E+01    7
     251    0.3750000000E+00    0.9375000000E+00    0
     252    0.3125000000E+00    0.1000000000E+01    7
     253    0.5000000000E+00    0.9375000000E+00    0
     254    0.4375000000E+00    0.1000000000E+01    7
     255    0.5625000000E+00    0.8750000000E+00    0
     256    0.6250000000E+00    0.8125000000E+00    0
     257    0.6250000000E+00    0.9375000000E+00    0
     258    0.5625000000E+00    0.1000000000E+01    7
     259    0.6875000000E+00    0.7500000000E+00    0
     260    0.7500000000E+00    0.6875000000E+00    0
     261    0.7500000000E+00    0.8125000000E+00    0
     262    0.6875000000E+00    0.8750000000E+00    0
     263    0.8125000000E+00    0.6250000000E+00    0
     264    0.8750000000E+00    0.5625000000E+00    0
     265    0.8750000000E+00    0.6875000000E+00    0
     266    0.8125000000E+00    0.7500000000E+00    0
     267    0.7500000000E+00    0.9375000000E+00    0
     268    0.6875000000E+00    0.1000000000E+01    7
     269    0.8125000000E+00    0.8750000000E+00    0
     270    0.8750000000E+00    0.8125000000E+00    0
     271    0.8750000000E+00    0.9375000000E+00    0
     272    0.8125000000E+00    0.1000000000E+01    7
     273    0.9375000000E+00    0.0000000000E+00    7
     274    0.1000000000E+01    0.6250000000E-01    7
     275    0.9375000000E+00    0.1250000000E+00    0
     276    0.1000000000E+01    0.1875000000E+00    7
     277    0.9375000000E+00    0.2500000000E+00    0
     278    0.1000000000E+01    0.3125000000E+00    7
     279    0.9375000000E+00    0.3750000000E+00    0
     280    0.1000000000E+01    0.4375000000E+00    7
     281    0.9375000000E+00    0.5000000000E+00    0
     282    0.1000000000E+01    0.5625000000E+00    7
     283    0.9375000000E+00    0.6250000000E+00    0
     284    0.1000000000E+01    0.6875000000E+00    7
     285    0.9375000000E+00    0.7500000000E+00    0
     286    0.1000000000E+01    0.8125000000E+00    7
     287    0.9375000000E+00    0.8750000000E+00    0
     288    0.1000000000E+01    0.9375000000E+00    7
     289    0.9375000000E+00    0.1000000000E+01    7
 512
       1     260      13     131
       2     146      42      82
       3     125     248       4
       4      88     165       6
       5       5      92     175
       6     175      99       5
       7       5      99     190
       8     253     130       9
       9     183      31      96
      10     152      91      10
      11     193     106      11
      12       6     158      88
      13     241      39     122
      14     228     120      12
      15     258       9     130
      16     270      41     136
      17      94      49     162
      18      85     157      14
      19      10      83     152
      20      10      91     172
      21     115      59     187
      22     180      97      17
      23     109     212      18
      24     104     201      19
      25      11     100     193
      26     249     127      20
      27      12     116     228
      28      12     120     237
      29     134      13     260
      30     238     123      23
      31      13     134     266
      32     267     137      25
      33     160      89      26
      34     149      86      26
      35     155      95      27
      36      14     147      85
      37     178     102      28
      38      14     157      94
      39     195     107      29
      40      87     163      29
      41     215     111      30
      42     170     110      30
      43     185      17      97
      44     219     113      31
      45     224     118      32
      46      17     185     115
      47     230     121      33
      48      98     188      33
      49     210     126      34
      50      18     207     109
      51     252      20     127
      52     204     128      35
      53     103     199      36
      54      19     196     104
      55     262     135      37
      56     129     256      37
      57     275     139      38
      58     235     138      38
      59     243      23     123
      60     279     141      39
      61     283     143      40
      62     133     264      40
      63     272      25     137
      64     287     145      41
      65      84     153      42
      66      83     150      42
      67      87     161      43
      68      26      82     149
      69      26      86     160
      70      90     168      45
      71     151      89      45
      72      93     176      46
      73      92     173      46
      74      96     182      47
      75      27      84     155
      76      98     186      48
      77     174      95      48
      78     101      29     163
      79     100     191      49
      80     103     198      50
      81      28      93     178
      82     105     202      51
      83     192     102      51
      84     108     209      52
      85      29     101     195
      86     164     107      53
      87      30      90     170
      88      30     110     215
      89     112      31     183
      90     171     111      56
      91      31     112     219
      92     114     222      58
      93     184     113      58
      94     117      33     188
      95     116     226      59
      96      32     114     224
      97     119     233      61
      98     227     118      61
      99     122     240      62
     100      33     117     230
     101     124      36     199
     102     189     121      63
     103     125     246      64
     104      11     106     206
     105      34     108     210
     106     247     126      66
     107     129     255      67
     108      35     105     204
     109     251     128      68
     110     132      37     256
     111     131     259      69
     112     133     263      70
     113      36     124     245
     114     136     269      71
     115      37     132     262
     116     257     135      72
     117      38     119     235
     118      38     138     275
     119     140      39     241
     120     236     139      75
     121      39     140     279
     122     142      40     264
     123     242     141      77
     124      40     142     283
     125     144      41     270
     126     265     143      79
     127      41     144     287
     128     271     145      81
     129     148      43      82
     130     147      14      82
     131     151      45      83
     132      42     146      83
     133     154      47      84
     134      42     150      84
     135     156      46      85
     136      42     153      85
     137     159      44      86
     138     158       6      86
     139     162      49      87
     140      43     148      87
     141     164      53      88
     142      43     161      88
     143     167      45      89
     144     166      15      89
     145     169      54      90
     146      45     167      90
     147     171      56      91
     148      45     168      91
     149     174      48      92
     150      46     156      92
     151     177      50      93
     152      46     173      93
     153     179      49      94
     154      46     176      94
     155     181      48      95
     156     180      17      95
     157      10     172      96
     158      47     154      96
     159     184      58      97
     160      47     182      97
     161     187      59      98
     162      48     181      98
     163     189      63      99
     164      48     186      99
     165     192      51     100
     166      49     179     100
     167     194      52     101
     168      49     191     101
     169     197      51     102
     170     196      19     102
     171       5     190     103
     172      50     177     103
     173     200      69     104
     174      50     198     104
     175     203      67     105
     176      51     197     105
     177     205      65     106
     178      51     202     106
     179     208      53     107
     180     207      18     107
     181      11     206     108
     182      52     194     108
     183     211      64     109
     184      52     209     109
     185     214      55     110
     186     213       1     110
     187     217      56     111
     188     216      16     111
     189     218      57     112
     190      56     217     112
     191     221      58     113
     192     220       7     113
     193     223      60     114
     194      58     221     114
     195     225      59     115
     196      58     222     115
     197     227      61     116
     198      59     225     116
     199     229      62     117
     200      59     226     117
     201     232      61     118
     202     231      21     118
     203     234      73     119
     204      61     232     119
     205     236      75     120
     206      61     233     120
     207     239      63     121
     208     238      23     121
     209      12     237     122
     210      62     229     122
     211     242      77     123
     212      62     240     123
     213     244      70     124
     214      63     239     124
     215     247      66     125
     216      64     211     125
     217     250      66     126
     218     249      20     126
     219     251      68     127
     220      65     205     127
     221     254      68     128
     222     253       9     128
     223      19     201     129
     224      67     203     129
     225     257      72     130
     226      67     255     130
     227      36     245     131
     228      69     200     131
     229     261      71     132
     230      69     259     132
     231      23     243     133
     232      70     244     133
     233     265      79     134
     234      70     263     134
     235     268      72     135
     236     267      25     135
     237      13     266     136
     238      71     261     136
     239     271      81     137
     240      71     269     137
     241     274      74     138
     242     273       2     138
     243     277      75     139
     244     276      22     139
     245     278      76     140
     246      75     277     140
     247     281      77     141
     248     280       8     141
     249     282      78     142
     250      77     281     142
     251     285      79     143
     252     284      24     143
     253     286      80     144
     254      79     285     144
     255     289      81     145
     256     288       3     145
     257      26      83     146
     258      82      26     146
     259      42      85     147
     260      82      42     147
     261      14      87     148
     262      82      14     148
     263      43      86     149
     264      82      43     149
     265      10      84     150
     266      83      10     150
     267      26      89     151
     268      83      26     151
     269      45      91     152
     270      83      45     152
     271      27      85     153
     272      84      27     153
     273      10      96     154
     274      84      10     154
     275      47      95     155
     276      84      47     155
     277      27      92     156
     278      85      27     156
     279      46      94     157
     280      85      46     157
     281      43      88     158
     282      86      43     158
     283      86       6     159
     284      44      89     160
     285      86      44     160
     286      29      88     161
     287      87      29     161
     288      14      94     162
     289      87      14     162
     290      49     101     163
     291      87      49     163
     292      29     107     164
     293      88      29     164
     294      88      53     165
     295      89      44     166
     296      15      90     167
     297      89      15     167
     298      30      91     168
     299      90      30     168
     300      90      15     169
     301      54     110     170
     302      90      54     170
     303      30     111     171
     304      91      30     171
     305      56      96     172
     306      91      56     172
     307       5      93     173
     308      92       5     173
     309      27      95     174
     310      92      27     174
     311      48      99     175
     312      92      48     175
     313      28      94     176
     314      93      28     176
     315       5     103     177
     316      93       5     177
     317      50     102     178
     318      93      50     178
     319      28     100     179
     320      94      28     179
     321      47      97     180
     322      95      47     180
     323      17      98     181
     324      95      17     181
     325      31      97     182
     326      96      31     182
     327      56     112     183
     328      96      56     183
     329      31     113     184
     330      97      31     184
     331      58     115     185
     332      97      58     185
     333      33      99     186
     334      98      33     186
     335      17     115     187
     336      98      17     187
     337      59     117     188
     338      98      59     188
     339      33     121     189
     340      99      33     189
     341      63     103     190
     342      99      63     190
     343      11     101     191
     344     100      11     191
     345      28     102     192
     346     100      28     192
     347      51     106     193
     348     100      51     193
     349      11     108     194
     350     101      11     194
     351      52     107     195
     352     101      52     195
     353      50     104     196
     354     102      50     196
     355      19     105     197
     356     102      19     197
     357      36     104     198
     358     103      36     198
     359      63     124     199
     360     103      63     199
     361      36     131     200
     362     104      36     200
     363      69     129     201
     364     104      69     201
     365      35     106     202
     366     105      35     202
     367      19     129     203
     368     105      19     203
     369      67     128     204
     370     105      67     204
     371      35     127     205
     372     106      35     205
     373      65     108     206
     374     106      65     206
     375      52     109     207
     376     107      52     207
     377     107      18     208
     378      34     109     209
     379     108      34     209
     380      65     126     210
     381     108      65     210
     382      34     125     211
     383     109      34     211
     384     109      64     212
     385     110      54     213
     386     110       1     214
     387      55     111     215
     388     110      55     215
     389     111      55     216
     390      16     112     217
     391     111      16     217
     392     112      16     218
     393      57     113     219
     394     112      57     219
     395     113      57     220
     396       7     114     221
     397     113       7     221
     398      32     115     222
     399     114      32     222
     400     114       7     223
     401      60     118     224
     402     114      60     224
     403      32     116     225
     404     115      32     225
     405      12     117     226
     406     116      12     226
     407      32     118     227
     408     116      32     227
     409      61     120     228
     410     116      61     228
     411      12     122     229
     412     117      12     229
     413      62     121     230
     414     117      62     230
     415     118      60     231
     416      21     119     232
     417     118      21     232
     418      38     120     233
     419     119      38     233
     420     119      21     234
     421      73     138     235
     422     119      73     235
     423      38     139     236
     424     120      38     236
     425      75     122     237
     426     120      75     237
     427      62     123     238
     428     121      62     238
     429      23     124     239
     430     121      23     239
     431      39     123     240
     432     122      39     240
     433      75     140     241
     434     122      75     241
     435      39     141     242
     436     123      39     242
     437      77     133     243
     438     123      77     243
     439      23     133     244
     440     124      23     244
     441      70     131     245
     442     124      70     245
     443     125       4     246
     444      34     126     247
     445     125      34     247
     446     125      66     248
     447      65     127     249
     448     126      65     249
     449     126      20     250
     450      35     128     251
     451     127      35     251
     452     127      68     252
     453      67     130     253
     454     128      67     253
     455     128       9     254
     456      37     130     255
     457     129      37     255
     458      69     132     256
     459     129      69     256
     460      37     135     257
     461     130      37     257
     462     130      72     258
     463      13     132     259
     464     131      13     259
     465      70     134     260
     466     131      70     260
     467      13     136     261
     468     132      13     261
     469      71     135     262
     470     132      71     262
     471      40     134     263
     472     133      40     263
     473      77     142     264
     474     133      77     264
     475      40     143     265
     476     134      40     265
     477      79     136     266
     478     134      79     266
     479      71     137     267
     480     135      71     267
     481     135      25     268
     482      41     137     269
     483     136      41     269
     484      79     144     270
     485     136      79     270
     486      41     145     271
     487     137      41     271
     488     137      81     272
     489     138      73     273
     490     138       2     274
     491      74     139     275
     492     138      74     275
     493     139      74     276
     494      22     140     277
     495     139      22     277
     496     140      22     278
     497      76     141     279
     498     140      76     279
     499     141      76     280
     500       8     142     281
     501     141       8     281
     502     142       8     282
     503      78     143     283
     504     142      78     283
     505     143      78     284
     506      24     144     285
     507     143      24     285
     508     144      24     286
     509      80     145     287
     510     144      80     287
     511     145      80     288
     512     145       3     289
 800
       1     260      13
       2      13     131
       3     131     260
       4     146      42
       5      42      82
       6      82     146
       7     125     248
       8     248       4
       9       4     125
      10      88     165
      11     165       6
      12       6      88
      13       5      92
      14      92     175
      15     175       5
      16     175      99
      17      99       5
      18      99     190
      19     190       5
      20     253     130
      21     130       9
      22       9     253
      23     183      31
      24      31      96
      25      96     183
      26     152      91
      27      91      10
      28      10     152
      29     193     106
      30     106      11
      31      11     193
      32       6     158
      33     158      88
      34     241      39
      35      39     122
      36     122     241
      37     228     120
      38     120      12
      39      12     228
      40     258       9
      41     130     258
      42     270      41
      43      41     136
      44     136     270
      45      94      49
      46      49     162
      47     162      94
      48      85     157
      49     157      14
      50      14      85
      51      10      83
      52      83     152
      53      91     172
      54     172      10
      55     115      59
      56      59     187
      57     187     115
      58     180      97
      59      97      17
      60      17     180
      61     109     212
      62     212      18
      63      18     109
      64     104     201
      65     201      19
      66      19     104
      67      11     100
      68     100     193
      69     249     127
      70     127      20
      71      20     249
      72      12     116
      73     116     228
      74     120     237
      75     237      12
      76     134      13
      77     260     134
      78     238     123
      79     123      23
      80      23     238
      81     134     266
      82     266      13
      83     267     137
      84     137      25
      85      25     267
      86     160      89
      87      89      26
      88      26     160
      89     149      86
      90      86      26
      91      26     149
      92     155      95
      93      95      27
      94      27     155
      95      14     147
      96     147      85
      97     178     102
      98     102      28
      99      28     178
     100     157      94
     101      94      14
     102     195     107
     103     107      29
     104      29     195
     105      87     163
     106     163      29
     107      29      87
     108     215     111
     109     111      30
     110      30     215
     111     170     110
     112     110      30
     113      30     170
     114     185      17
     115      97     185
     116     219     113
     117     113      31
     118      31     219
     119     224     118
     120     118      32
     121      32     224
     122     185     115
     123     115      17
     124     230     121
     125     121      33
     126      33     230
     127      98     188
     128     188      33
     129      33      98
     130     210     126
     131     126      34
     132      34     210
     133      18     207
     134     207     109
     135     252      20
     136     127     252
     137     204     128
     138     128      35
     139      35     204
     140     103     199
     141     199      36
     142      36     103
     143      19     196
     144     196     104
     145     262     135
     146     135      37
     147      37     262
     148     129     256
     149     256      37
     150      37     129
     151     275     139
     152     139      38
     153      38     275
     154     235     138
     155     138      38
     156      38     235
     157     243      23
     158     123     243
     159     279     141
     160     141      39
     161      39     279
     162     283     143
     163     143      40
     164      40     283
     165     133     264
     166     264      40
     167      40     133
     168     272      25
     169     137     272
     170     287     145
     171     145      41
     172      41     287
     173      84     153
     174     153      42
     175      42      84
     176      83     150
     177     150      42
     178      42      83
     179      87     161
     180     161      43
     181      43      87
     182      26      82
     183      82     149
     184      86     160
     185      90     168
     186     168      45
     187      45      90
     188     151      89
     189      89      45
     190      45     151
     191      93     176
     192     176      46
     193      46      93
     194      92     173
     195     173      46
     196      46      92
     197      96     182
     198     182      47
     199      47      96
     200      27      84
     201      84     155
     202      98     186
     203     186      48
     204      48      98
     205     174      95
     206      95      48
     207      48     174
     208     101      29
     209     163     101
     210     100     191
     211     191      49
     212      49     100
     213     103     198
     214     198      50
     215      50     103
     216      28      93
     217      93     178
     218     105     202
     219     202      51
     220      51     105
     221     192     102
     222     102      51
     223      51     192
     224     108     209
     225     209      52
     226      52     108
     227     101     195
     228     164     107
     229     107      53
     230      53     164
     231      30      90
     232      90     170
     233     110     215
     234     112      31
     235     183     112
     236     171     111
     237     111      56
     238      56     171
     239     112     219
     240     114     222
     241     222      58
     242      58     114
     243     184     113
     244     113      58
     245      58     184
     246     117      33
     247     188     117
     248     116     226
     249     226      59
     250      59     116
     251      32     114
     252     114     224
     253     119     233
     254     233      61
     255      61     119
     256     227     118
     257     118      61
     258      61     227
     259     122     240
     260     240      62
     261      62     122
     262     117     230
     263     124      36
     264     199     124
     265     189     121
     266     121      63
     267      63     189
     268     125     246
     269     246      64
     270      64     125
     271     106     206
     272     206      11
     273      34     108
     274     108     210
     275     247     126
     276     126      66
     277      66     247
     278     129     255
     279     255      67
     280      67     129
     281      35     105
     282     105     204
     283     251     128
     284     128      68
     285      68     251
     286     132      37
     287     256     132
     288     131     259
     289     259      69
     290      69     131
     291     133     263
     292     263      70
     293      70     133
     294     124     245
     295     245      36
     296     136     269
     297     269      71
     298      71     136
     299     132     262
     300     257     135
     301     135      72
     302      72     257
     303      38     119
     304     119     235
     305     138     275
     306     140      39
     307     241     140
     308     236     139
     309     139      75
     310      75     236
     311     140     279
     312     142      40
     313     264     142
     314     242     141
     315     141      77
     316      77     242
     317     142     283
     318     144      41
     319     270     144
     320     265     143
     321     143      79
     322      79     265
     323     144     287
     324     271     145
     325     145      81
     326      81     271
     327     148      43
     328      43      82
     329      82     148
     330      14      82
     331      82     147
     332      45      83
     333      83     151
     334     146      83
     335     154      47
     336      47      84
     337      84     154
     338     150      84
     339     156      46
     340      46      85
     341      85     156
     342     153      85
     343      85      42
     344     159      44
     345      44      86
     346      86     159
     347       6      86
     348      86     158
     349      49      87
     350      87     162
     351     148      87
     352      53      88
     353      88     164
     354     161      88
     355      88      43
     356     167      45
     357      89     167
     358     166      15
     359      15      89
     360      89     166
     361     169      54
     362      54      90
     363      90     169
     364     167      90
     365      56      91
     366      91     171
     367     168      91
     368      91      45
     369      48      92
     370      92     174
     371     156      92
     372     177      50
     373      50      93
     374      93     177
     375     173      93
     376     179      49
     377      94     179
     378     176      94
     379      94      46
     380     181      48
     381      95     181
     382      17      95
     383      95     180
     384     172      96
     385      96      10
     386     154      96
     387      58      97
     388      97     184
     389     182      97
     390      97      47
     391      59      98
     392      98     187
     393     181      98
     394      63      99
     395      99     189
     396     186      99
     397      99      48
     398      51     100
     399     100     192
     400     179     100
     401     194      52
     402      52     101
     403     101     194
     404     191     101
     405     101      49
     406     197      51
     407     102     197
     408      19     102
     409     102     196
     410     190     103
     411     103       5
     412     177     103
     413     200      69
     414      69     104
     415     104     200
     416     198     104
     417     104      50
     418     203      67
     419      67     105
     420     105     203
     421     197     105
     422     205      65
     423      65     106
     424     106     205
     425     202     106
     426     106      51
     427     208      53
     428     107     208
     429      18     107
     430     107     207
     431     206     108
     432     108      11
     433     194     108
     434     211      64
     435      64     109
     436     109     211
     437     209     109
     438     109      52
     439     214      55
     440      55     110
     441     110     214
     442     213       1
     443       1     110
     444     110     213
     445     217      56
     446     111     217
     447     216      16
     448      16     111
     449     111     216
     450     218      57
     451      57     112
     452     112     218
     453     217     112
     454     112      56
     455     221      58
     456     113     221
     457     220       7
     458       7     113
     459     113     220
     460     223      60
     461      60     114
     462     114     223
     463     221     114
     464     225      59
     465     115     225
     466     222     115
     467     115      58
     468      61     116
     469     116     227
     470     225     116
     471     229      62
     472      62     117
     473     117     229
     474     226     117
     475     117      59
     476     232      61
     477     118     232
     478     231      21
     479      21     118
     480     118     231
     481     234      73
     482      73     119
     483     119     234
     484     232     119
     485      75     120
     486     120     236
     487     233     120
     488     120      61
     489     239      63
     490     121     239
     491      23     121
     492     121     238
     493     237     122
     494     122      12
     495     229     122
     496      77     123
     497     123     242
     498     240     123
     499     123      62
     500     244      70
     501      70     124
     502     124     244
     503     239     124
     504     124      63
     505      66     125
     506     125     247
     507     211     125
     508     250      66
     509     126     250
     510      20     126
     511     126     249
     512      68     127
     513     127     251
     514     205     127
     515     127      65
     516     254      68
     517     128     254
     518       9     128
     519     128     253
     520     201     129
     521     129      19
     522     203     129
     523      72     130
     524     130     257
     525     255     130
     526     130      67
     527     245     131
     528     131      36
     529     200     131
     530     261      71
     531      71     132
     532     132     261
     533     259     132
     534     132      69
     535     243     133
     536     133      23
     537     244     133
     538      79     134
     539     134     265
     540     263     134
     541     134      70
     542     268      72
     543     135     268
     544      25     135
     545     135     267
     546     266     136
     547     136      13
     548     261     136
     549      81     137
     550     137     271
     551     269     137
     552     137      71
     553     274      74
     554      74     138
     555     138     274
     556     273       2
     557       2     138
     558     138     273
     559     277      75
     560     139     277
     561     276      22
     562      22     139
     563     139     276
     564     278      76
     565      76     140
     566     140     278
     567     277     140
     568     140      75
     569     281      77
     570     141     281
     571     280       8
     572       8     141
     573     141     280
     574     282      78
     575      78     142
     576     142     282
     577     281     142
     578     142      77
     579     285      79
     580     143     285
     581     284      24
     582      24     143
     583     143     284
     584     286      80
     585      80     144
     586     144     286
     587     285     144
     588     144      79
     589     289      81
     590     145     289
     591     288       3
     592       3     145
     593     145     288
     594      26      83
     595     146      26
     596     147      42
     597      14      87
     598     148      14
     599      43      86
     600     149      43
     601      10      84
     602     150      10
     603     151      26
     604     152      45
     605      27      85
     606     153      27
     607     154      10
     608      47      95
     609     155      47
     610      27      92
     611     156      27
     612     157      46
     613     158      43
     614       6     159
     615      44      89
     616     160      44
     617      29      88
     618     161      29
     619     162      14
     620     163      49
     621     164      29
     622      53     165
     623      44     166
     624      15      90
     625     167      15
     626      30      91
     627     168      30
     628      15     169
     629      54     110
     630     170      54
     631     171      30
     632      56      96
     633     172      56
     634       5      93
     635     173       5
     636     174      27
     637     175      48
     638      28      94
     639     176      28
     640     177       5
     641      50     102
     642     178      50
     643      28     100
     644     179      28
     645     180      47
     646      17      98
     647     181      17
     648      31      97
     649     182      31
     650     183      56
     651     184      31
     652     185      58
     653      33      99
     654     186      33
     655     187      17
     656     188      59
     657     189      33
     658      63     103
     659     190      63
     660      11     101
     661     191      11
     662     192      28
     663     193      51
     664     194      11
     665      52     107
     666     195      52
     667     196      50
     668      19     105
     669     197      19
     670      36     104
     671     198      36
     672     199      63
     673     200      36
     674      69     129
     675     201      69
     676      35     106
     677     202      35
     678     203      19
     679      67     128
     680     204      67
     681      35     127
     682     205      35
     683      65     108
     684     206      65
     685     207      52
     686      18     208
     687      34     109
     688     209      34
     689      65     126
     690     210      65
     691      34     125
     692     211      34
     693      64     212
     694      54     213
     695       1     214
     696      55     111
     697     215      55
     698      55     216
     699      16     112
     700     217      16
     701      16     218
     702      57     113
     703     219      57
     704      57     220
     705       7     114
     706     221       7
     707      32     115
     708     222      32
     709       7     223
     710      60     118
     711     224      60
     712      32     116
     713     225      32
     714      12     117
     715     226      12
     716     227      32
     717     228      61
     718     229      12
     719      62     121
     720     230      62
     721      60     231
     722      21     119
     723     232      21
     724      38     120
     725     233      38
     726      21     234
     727      73     138
     728     235      73
     729     236      38
     730      75     122
     731     237      75
     732     238      62
     733      23     124
     734     239      23
     735      39     123
     736     240      39
     737     241      75
     738     242      39
     739      77     133
     740     243      77
     741     244      23
     742      70     131
     743     245      70
     744       4     246
     745     247      34
     746      66     248
     747     249      65
     748      20     250
     749     251      35
     750      68     252
     751     253      67
     752       9     254
     753      37     130
     754     255      37
     755     256      69
     756     257      37
     757      72     258
     758      13     132
     759     259      13
     760     260      70
     761     261      13
     762      71     135
     763     262      71
     764      40     134
     765     263      40
     766     264      77
     767     265      40
     768      79     136
     769     266      79
     770     267      71
     771      25     268
     772      41     137
     773     269      41
     774     270      79
     775     271      41
     776      81     272
     777      73     273
     778       2     274
     779      74     139
     780     275      74
     781      74     276
     782      22     140
     783     277      22
     784      22     278
     785      76     141
     786     279      76
     787      76     280
     788       8     142
     789     281       8
     790       8     282
     791      78     143
     792     283      78
     793      78     284
     794      24     144
     795     285      24
     796      24     286
     797      80     145
     798     287      80
     799      80     288
     800       3     289
