         289
         512
  0.0000000000000000E+00  0.0000000000000000E+00  0.1000000000000000E+01  0.0000000000000000E+00  0.1000000000000000E+01  0.1000000000000000E+01
  0.0000000000000000E+00  0.1000000000000000E+01  0.5000000000000000E+00  0.5000000000000000E+00  0.0000000000000000E+00  0.5000000000000000E+00
  0.5000000000000000E+00  0.0000000000000000E+00  0.1000000000000000E+01  0.5000000000000000E+00  0.5000000000000000E+00  0.1000000000000000E+01
  0.2500000000000000E+00  0.2500000000000000E+00  0.2500000000000000E+00  0.7500000000000000E+00  0.7500000000000000E+00  0.2500000000000000E+00
  0.7500000000000000E+00  0.7500000000000000E+00  0.2500000000000000E+00  0.5000000000000000E+00  0.0000000000000000E+00  0.2500000000000000E+00
  0.2500000000000000E+00  0.0000000000000000E+00  0.5000000000000000E+00  0.2500000000000000E+00  0.0000000000000000E+00  0.7500000000000000E+00
  0.5000000000000000E+00  0.7500000000000000E+00  0.2500000000000000E+00  0.1000000000000000E+01  0.7500000000000000E+00  0.0000000000000000E+00
  0.1000000000000000E+01  0.2500000000000000E+00  0.7500000000000000E+00  0.5000000000000000E+00  0.1000000000000000E+01  0.7500000000000000E+00
  0.7500000000000000E+00  0.1000000000000000E+01  0.1250000000000000E+00  0.3750000000000000E+00  0.3750000000000000E+00  0.3750000000000000E+00
  0.3750000000000000E+00  0.6250000000000000E+00  0.1250000000000000E+00  0.6250000000000000E+00  0.1250000000000000E+00  0.1250000000000000E+00
  0.3750000000000000E+00  0.1250000000000000E+00  0.6250000000000000E+00  0.1250000000000000E+00  0.6250000000000000E+00  0.3750000000000000E+00
  0.1250000000000000E+00  0.8750000000000000E+00  0.3750000000000000E+00  0.8750000000000000E+00  0.6250000000000000E+00  0.6250000000000000E+00
  0.6250000000000000E+00  0.8750000000000000E+00  0.8750000000000000E+00  0.1250000000000000E+00  0.8750000000000000E+00  0.3750000000000000E+00
  0.8750000000000000E+00  0.6250000000000000E+00  0.8750000000000000E+00  0.8750000000000000E+00  0.2500000000000000E+00  0.3750000000000000E+00
  0.1250000000000000E+00  0.5000000000000000E+00  0.0000000000000000E+00  0.3750000000000000E+00  0.1250000000000000E+00  0.2500000000000000E+00
  0.3750000000000000E+00  0.5000000000000000E+00  0.3750000000000000E+00  0.2500000000000000E+00  0.5000000000000000E+00  0.3750000000000000E+00
  0.2500000000000000E+00  0.6250000000000000E+00  0.5000000000000000E+00  0.6250000000000000E+00  0.3750000000000000E+00  0.7500000000000000E+00
  0.1250000000000000E+00  0.7500000000000000E+00  0.0000000000000000E+00  0.6250000000000000E+00  0.0000000000000000E+00  0.1250000000000000E+00
  0.1250000000000000E+00  0.0000000000000000E+00  0.2500000000000000E+00  0.1250000000000000E+00  0.3750000000000000E+00  0.0000000000000000E+00
  0.5000000000000000E+00  0.1250000000000000E+00  0.6250000000000000E+00  0.2500000000000000E+00  0.6250000000000000E+00  0.0000000000000000E+00
  0.7500000000000000E+00  0.1250000000000000E+00  0.7500000000000000E+00  0.3750000000000000E+00  0.6250000000000000E+00  0.5000000000000000E+00
  0.0000000000000000E+00  0.8750000000000000E+00  0.2500000000000000E+00  0.8750000000000000E+00  0.1250000000000000E+00  0.1000000000000000E+01
  0.5000000000000000E+00  0.8750000000000000E+00  0.3750000000000000E+00  0.1000000000000000E+01  0.6250000000000000E+00  0.7500000000000000E+00
  0.7500000000000000E+00  0.6250000000000000E+00  0.7500000000000000E+00  0.8750000000000000E+00  0.6250000000000000E+00  0.1000000000000000E+01
  0.8750000000000000E+00  0.0000000000000000E+00  0.1000000000000000E+01  0.1250000000000000E+00  0.8750000000000000E+00  0.2500000000000000E+00
  0.1000000000000000E+01  0.3750000000000000E+00  0.8750000000000000E+00  0.5000000000000000E+00  0.1000000000000000E+01  0.6250000000000000E+00
  0.8750000000000000E+00  0.7500000000000000E+00  0.1000000000000000E+01  0.8750000000000000E+00  0.8750000000000000E+00  0.1000000000000000E+01
  0.6875000000000000E+00  0.6875000000000000E+00  0.6875000000000000E+00  0.6250000000000000E+00  0.7500000000000000E+00  0.6875000000000000E+00
  0.2500000000000000E+00  0.4375000000000000E+00  0.1875000000000000E+00  0.4375000000000000E+00  0.1875000000000000E+00  0.3750000000000000E+00
  0.6250000000000000E-01  0.1000000000000000E+01  0.6250000000000000E-01  0.9375000000000000E+00  0.1250000000000000E+00  0.9375000000000000E+00
  0.0000000000000000E+00  0.5625000000000000E+00  0.6250000000000000E-01  0.5625000000000000E+00  0.6250000000000000E-01  0.6250000000000000E+00
  0.4375000000000000E+00  0.3750000000000000E+00  0.5000000000000000E+00  0.4375000000000000E+00  0.4375000000000000E+00  0.4375000000000000E+00
  0.5625000000000000E+00  0.4375000000000000E+00  0.5625000000000000E+00  0.3750000000000000E+00  0.6250000000000000E+00  0.4375000000000000E+00
  0.5625000000000000E+00  0.5000000000000000E+00  0.5625000000000000E+00  0.9375000000000000E+00  0.5000000000000000E+00  0.9375000000000000E+00
  0.5625000000000000E+00  0.8750000000000000E+00  0.3125000000000000E+00  0.1875000000000000E+00  0.2500000000000000E+00  0.1875000000000000E+00
  0.3125000000000000E+00  0.1250000000000000E+00  0.1875000000000000E+00  0.1875000000000000E+00  0.1875000000000000E+00  0.2500000000000000E+00
  0.1250000000000000E+00  0.1875000000000000E+00  0.3125000000000000E+00  0.8125000000000000E+00  0.3125000000000000E+00  0.7500000000000000E+00
  0.3750000000000000E+00  0.8125000000000000E+00  0.1250000000000000E+00  0.5625000000000000E+00  0.6250000000000000E-01  0.5000000000000000E+00
  0.8125000000000000E+00  0.3125000000000000E+00  0.8125000000000000E+00  0.2500000000000000E+00  0.8750000000000000E+00  0.3125000000000000E+00
  0.8125000000000000E+00  0.1875000000000000E+00  0.7500000000000000E+00  0.1875000000000000E+00  0.8125000000000000E+00  0.1250000000000000E+00
  0.6250000000000000E+00  0.9375000000000000E+00  0.5625000000000000E+00  0.1000000000000000E+01  0.8125000000000000E+00  0.8125000000000000E+00
  0.8125000000000000E+00  0.7500000000000000E+00  0.8750000000000000E+00  0.8125000000000000E+00  0.2500000000000000E+00  0.5625000000000000E+00
  0.3125000000000000E+00  0.5625000000000000E+00  0.3125000000000000E+00  0.6250000000000000E+00  0.3125000000000000E+00  0.5000000000000000E+00
  0.3125000000000000E+00  0.4375000000000000E+00  0.3750000000000000E+00  0.4375000000000000E+00  0.1250000000000000E+00  0.3125000000000000E+00
  0.1875000000000000E+00  0.3125000000000000E+00  0.1875000000000000E+00  0.1250000000000000E+00  0.5625000000000000E+00  0.2500000000000000E+00
  0.5625000000000000E+00  0.1875000000000000E+00  0.6250000000000000E+00  0.1875000000000000E+00  0.4375000000000000E+00  0.1875000000000000E+00
  0.4375000000000000E+00  0.2500000000000000E+00  0.3750000000000000E+00  0.1875000000000000E+00  0.0000000000000000E+00  0.8125000000000000E+00
  0.6250000000000000E-01  0.8125000000000000E+00  0.6250000000000000E-01  0.8750000000000000E+00  0.5625000000000000E+00  0.7500000000000000E+00
  0.5625000000000000E+00  0.6875000000000000E+00  0.6250000000000000E+00  0.6875000000000000E+00  0.3750000000000000E+00  0.6875000000000000E+00
  0.3125000000000000E+00  0.6875000000000000E+00  0.3125000000000000E+00  0.9375000000000000E+00  0.2500000000000000E+00  0.9375000000000000E+00
  0.3125000000000000E+00  0.8750000000000000E+00  0.6875000000000000E+00  0.1250000000000000E+00  0.6875000000000000E+00  0.1875000000000000E+00
  0.8750000000000000E+00  0.1875000000000000E+00  0.8125000000000000E+00  0.6250000000000000E+00  0.8125000000000000E+00  0.6875000000000000E+00
  0.8125000000000000E+00  0.4375000000000000E+00  0.7500000000000000E+00  0.4375000000000000E+00  0.8125000000000000E+00  0.3750000000000000E+00
  0.8750000000000000E+00  0.6875000000000000E+00  0.8125000000000000E+00  0.9375000000000000E+00  0.7500000000000000E+00  0.9375000000000000E+00
  0.8125000000000000E+00  0.8750000000000000E+00  0.6250000000000000E-01  0.3125000000000000E+00  0.6250000000000000E-01  0.3750000000000000E+00
  0.0000000000000000E+00  0.3125000000000000E+00  0.6250000000000000E-01  0.4375000000000000E+00  0.1250000000000000E+00  0.4375000000000000E+00
  0.4375000000000000E+00  0.3125000000000000E+00  0.3750000000000000E+00  0.3125000000000000E+00  0.3125000000000000E+00  0.3750000000000000E+00
  0.4375000000000000E+00  0.6875000000000000E+00  0.4375000000000000E+00  0.6250000000000000E+00  0.5000000000000000E+00  0.6875000000000000E+00
  0.3750000000000000E+00  0.5625000000000000E+00  0.6250000000000000E-01  0.6875000000000000E+00  0.1250000000000000E+00  0.6875000000000000E+00
  0.6250000000000000E-01  0.7500000000000000E+00  0.1875000000000000E+00  0.6250000000000000E+00  0.1875000000000000E+00  0.5625000000000000E+00
  0.1875000000000000E+00  0.6250000000000000E-01  0.1250000000000000E+00  0.6250000000000000E-01  0.1875000000000000E+00  0.0000000000000000E+00
  0.6250000000000000E-01  0.6250000000000000E-01  0.6250000000000000E-01  0.1250000000000000E+00  0.0000000000000000E+00  0.6250000000000000E-01
  0.4375000000000000E+00  0.1250000000000000E+00  0.5000000000000000E+00  0.1875000000000000E+00  0.4375000000000000E+00  0.6250000000000000E-01
  0.3750000000000000E+00  0.6250000000000000E-01  0.4375000000000000E+00  0.0000000000000000E+00  0.6875000000000000E+00  0.6250000000000000E-01
  0.6250000000000000E+00  0.6250000000000000E-01  0.6875000000000000E+00  0.0000000000000000E+00  0.5625000000000000E+00  0.1250000000000000E+00
  0.6875000000000000E+00  0.4375000000000000E+00  0.6875000000000000E+00  0.3750000000000000E+00  0.6250000000000000E+00  0.3125000000000000E+00
  0.5625000000000000E+00  0.3125000000000000E+00  0.1875000000000000E+00  0.9375000000000000E+00  0.1875000000000000E+00  0.8750000000000000E+00
  0.1250000000000000E+00  0.8125000000000000E+00  0.3750000000000000E+00  0.9375000000000000E+00  0.3125000000000000E+00  0.1000000000000000E+01
  0.4375000000000000E+00  0.9375000000000000E+00  0.4375000000000000E+00  0.8750000000000000E+00  0.6250000000000000E+00  0.5625000000000000E+00
  0.5625000000000000E+00  0.5625000000000000E+00  0.5625000000000000E+00  0.6250000000000000E+00  0.6875000000000000E+00  0.9375000000000000E+00
  0.6875000000000000E+00  0.8750000000000000E+00  0.6250000000000000E+00  0.8125000000000000E+00  0.5625000000000000E+00  0.8125000000000000E+00
  0.9375000000000000E+00  0.1875000000000000E+00  0.9375000000000000E+00  0.1250000000000000E+00  0.1000000000000000E+01  0.1875000000000000E+00
  0.9375000000000000E+00  0.6250000000000000E-01  0.8750000000000000E+00  0.6250000000000000E-01  0.9375000000000000E+00  0.0000000000000000E+00
  0.8750000000000000E+00  0.4375000000000000E+00  0.8125000000000000E+00  0.5000000000000000E+00  0.9375000000000000E+00  0.4375000000000000E+00
  0.9375000000000000E+00  0.3750000000000000E+00  0.1000000000000000E+01  0.4375000000000000E+00  0.9375000000000000E+00  0.6875000000000000E+00
  0.9375000000000000E+00  0.6250000000000000E+00  0.1000000000000000E+01  0.6875000000000000E+00  0.8750000000000000E+00  0.5625000000000000E+00
  0.8125000000000000E+00  0.5625000000000000E+00  0.8750000000000000E+00  0.9375000000000000E+00  0.8125000000000000E+00  0.1000000000000000E+01
  0.9375000000000000E+00  0.9375000000000000E+00  0.9375000000000000E+00  0.8750000000000000E+00  0.1000000000000000E+01  0.9375000000000000E+00
  0.2500000000000000E+00  0.3125000000000000E+00  0.3125000000000000E+00  0.3125000000000000E+00  0.1875000000000000E+00  0.5000000000000000E+00
  0.0000000000000000E+00  0.4375000000000000E+00  0.6250000000000000E-01  0.2500000000000000E+00  0.6250000000000000E-01  0.1875000000000000E+00
  0.4375000000000000E+00  0.5000000000000000E+00  0.4375000000000000E+00  0.5625000000000000E+00  0.3125000000000000E+00  0.2500000000000000E+00
  0.5000000000000000E+00  0.3125000000000000E+00  0.2500000000000000E+00  0.6875000000000000E+00  0.1875000000000000E+00  0.6875000000000000E+00
  0.5000000000000000E+00  0.5625000000000000E+00  0.4375000000000000E+00  0.7500000000000000E+00  0.4375000000000000E+00  0.8125000000000000E+00
  0.1875000000000000E+00  0.7500000000000000E+00  0.1875000000000000E+00  0.8125000000000000E+00  0.0000000000000000E+00  0.6875000000000000E+00
  0.0000000000000000E+00  0.1875000000000000E+00  0.6250000000000000E-01  0.0000000000000000E+00  0.2500000000000000E+00  0.6250000000000000E-01
  0.3125000000000000E+00  0.6250000000000000E-01  0.3125000000000000E+00  0.0000000000000000E+00  0.5000000000000000E+00  0.6250000000000000E-01
  0.5625000000000000E+00  0.6250000000000000E-01  0.6875000000000000E+00  0.2500000000000000E+00  0.6875000000000000E+00  0.3125000000000000E+00
  0.5625000000000000E+00  0.0000000000000000E+00  0.7500000000000000E+00  0.6250000000000000E-01  0.8125000000000000E+00  0.6250000000000000E-01
  0.7500000000000000E+00  0.3125000000000000E+00  0.6875000000000000E+00  0.5000000000000000E+00  0.6875000000000000E+00  0.5625000000000000E+00
  0.0000000000000000E+00  0.9375000000000000E+00  0.2500000000000000E+00  0.8125000000000000E+00  0.1875000000000000E+00  0.1000000000000000E+01
  0.5000000000000000E+00  0.8125000000000000E+00  0.4375000000000000E+00  0.1000000000000000E+01  0.6875000000000000E+00  0.7500000000000000E+00
  0.6875000000000000E+00  0.8125000000000000E+00  0.7500000000000000E+00  0.5625000000000000E+00  0.7500000000000000E+00  0.8125000000000000E+00
  0.6875000000000000E+00  0.1000000000000000E+01  0.8125000000000000E+00  0.0000000000000000E+00  0.1000000000000000E+01  0.6250000000000000E-01
  0.9375000000000000E+00  0.2500000000000000E+00  0.9375000000000000E+00  0.3125000000000000E+00  0.1000000000000000E+01  0.3125000000000000E+00
  0.9375000000000000E+00  0.5000000000000000E+00  0.9375000000000000E+00  0.5625000000000000E+00  0.1000000000000000E+01  0.5625000000000000E+00
  0.9375000000000000E+00  0.7500000000000000E+00  0.9375000000000000E+00  0.8125000000000000E+00  0.1000000000000000E+01  0.8125000000000000E+00
  0.9375000000000000E+00  0.1000000000000000E+01
     2     2     2     2     8     4     4     4     4     8
     8     8     8     8     4     4     8     4     8     4
     4     4     8     4     4     8     8     8     8     8
     8     8     8     8     8     8     8     8     8     8
     8     4     4     2     4     4     4     4     4     4
     4     4     2     2     2     4     2     4     4     2
     4     4     4     2     4     2     4     2     4     4
     4     2     2     2     4     2     4     2     4     2
     2     6     6     6     6     6     6     3     6     6
     3     6     6     6     6     6     6     6     6     6
     6     6     6     6     6     6     6     6     6     6
     6     6     6     6     6     6     6     6     6     6
     6     3     6     6     6     6     6     6     6     6
     6     6     6     6     6     6     6     6     6     6
     3     6     6     6     6     6     6     6     6     6
     6     6     6     6     6     6     6     6     6     6
     6     6     6     6     6     3     6     6     6     6
     6     6     6     6     6     6     6     6     6     6
     6     6     3     6     6     3     6     6     6     6
     3     6     6     3     6     6     6     6     6     6
     6     6     6     3     6     6     6     6     6     6
     6     6     6     6     6     3     6     6     3     6
     6     6     6     3     6     6     3     6     6     6
     3     6     6     3     6     6     6     3     6     6
     6     6     6     6     6     6     6     6     6     6
     6     3     3     3     6     6     3     6     6     6
     6     3     6     6     6     6     6     3     6     3
     6     3     6     6     6     6     3     3     3     6
     6     3     6     6     3     6     6     3     3
    70    84    83    13    82    84    36    83    82    82
    83    84    26    87    86    42    85    87    14    86
    85    85    86    87    34    90    89    66    88    90
     4    89    88    88    89    90    29    93    92    53
    91    93     6    92    91    91    92    93     5    96
    95    27    94    96    48    95    94    94    95    96
    48    98    95    33    97    98     5    95    97    97
    95    98     5    97   100    33    99    97    63   100
    99    99   100    97    67   103   102    37   101   103
     9   102   101   101   102   103    56   106   105    31
   104   106    10   105   104   104   105   106    45   109
   108    30   107   109    10   108   107   107   108   109
    51   112   111    35   110   112    11   111   110   110
   111   112     6   114    92    43   113   114    29    92
   113   113    92   114    75   117   116    39   115   117
    12   116   115   115   116   117    61   120   119    38
   118   120    12   119   118   118   119   120    72   122
   121     9   101   122    37   121   101   101   121   122
    79   125   124    41   123   125    13   124   123   123
   124   125    28   128   127    49   126   128    14   127
   126   126   127   128    27   131   130    46   129   131
    14   130   129   129   130   131    10   133   108    26
   132   133    45   108   132   132   108   133    10   107
   105    30   134   107    56   105   134   134   105   107
    32   137   136    59   135   137    17   136   135   135
   136   137    47   140   139    31   138   140    17   139
   138   138   139   140    34   143   142    64   141   143
    18   142   141   141   142   143    36   146   145    69
   144   146    19   145   144   144   145   146    11   148
   111    28   147   148    51   111   147   147   111   148
    65   151   150    35   149   151    20   150   149   149
   150   151    12   153   119    32   152   153    61   119
   152   152   119   153    12   118   116    38   154   118
    75   116   154   154   116   118    40   156   155    13
    84   156    70   155    84    84   155   156    62   159
   158    39   157   159    23   158   157   157   158   159
    13   156   124    40   160   156    79   124   160   160
   124   156    71   163   162    41   161   163    25   162
   161   161   162   163    44   166   165    15   164   166
    26   165   164   164   165   166    43   114   168     6
   167   114    26   168   167   167   168   114    47   139
   170    17   169   139    27   170   169   169   170   139
    14    85   130    42   171    85    27   130   171   171
   130    85    50   174   173    19   172   174    28   173
   172   172   173   174    14   129   127    46   175   129
    28   127   175   175   127   129    52   178   177    18
   176   178    29   177   176   176   177   178    14   126
   180    49   179   126    29   180   179   179   180   126
    55   183   182    16   181   183    30   182   181   181
   182   183    54   186   185     1   184   186    30   185
   184   184   185   186    58   188   187    17   138   188
    31   187   138   138   187   188    57   191   190     7
   189   191    31   190   189   189   190   191    60   194
   193    21   192   194    32   193   192   192   193   194
    17   188   136    58   195   188    32   136   195   195
   136   188    62   158   197    23   196   158    33   197
   196   196   197   158    17   135   199    59   198   135
    33   199   198   198   199   135    65   150   201    20
   200   150    34   201   200   200   201   150    18   178
   142    52   202   178    34   142   202   202   142   178
    68   204   203    20   149   204    35   203   149   149
   203   204    67   102   206     9   205   102    35   206
   205   205   206   102     5   100   208    63   207   100
    36   208   207   207   208   100    19   174   145    50
   209   174    36   145   209   209   145   174    71   162
   211    25   210   162    37   211   210   210   211   162
    19   144   213    69   212   144    37   213   212   212
   213   144    74   216   215    22   214   216    38   215
   214   214   215   216    73   219   218     2   217   219
    38   218   217   217   218   219    77   221   220    23
   157   221    39   220   157   157   220   221    76   224
   223     8   222   224    39   223   222   222   223   224
    78   227   226    24   225   227    40   226   225   225
   226   227    23   221   229    77   228   221    40   229
   228   228   229   221    81   231   230    25   161   231
    41   230   161   161   230   231    80   234   233     3
   232   234    41   233   232   232   233   234    10   236
   235    27   171   236    42   235   171   171   235   236
    26   133    87    10   235   133    42    87   235   235
    87   133    14   180   237    29   113   180    43   237
   113   113   237   180    26    86   168    14   237    86
    43   168   237   237   168    86    26   167   165     6
   238   167    44   165   238   238   165   167    15   240
   239    30   109   240    45   239   109   109   239   240
    26   164   132    15   239   164    45   132   239   239
   132   164     5   242   241    28   175   242    46   241
   175   175   241   242    27    96   131     5   241    96
    46   131   241   241   131    96    10   104   243    31
   140   104    47   243   140   140   243   104    27   236
   170    10   243   236    47   170   243   243   170   236
    17   199   244    33    98   199    48   244    98    98
   244   199    27   169    94    17   244   169    48    94
   244   244    94   169    11   246   245    29   179   246
    49   245   179   179   245   246    28   148   128    11
   245   148    49   128   245   245   128   148     5   208
   247    36   209   208    50   247   209   209   247   208
    28   242   173     5   247   242    50   173   247   247
   173   242    19   249   248    35   112   249    51   248
   112   112   248   249    28   172   147    19   248   172
    51   147   248   248   147   172    11   251   250    34
   202   251    52   250   202   202   250   251    29   246
   177    11   250   246    52   177   250   250   177   246
    29   176    93    18   252   176    53    93   252   252
    93   176    30   240   185    15   253   240    54   185
   253   253   185   240    30   184   182     1   254   184
    55   182   254   254   182   184    16   256   255    31
   106   256    56   255   106   106   255   256    30   181
   134    16   255   181    56   134   255   255   134   181
    31   256   190    16   257   256    57   190   257   257
   190   256     7   259   258    32   195   259    58   258
   195   195   258   259    31   189   187     7   258   189
    58   187   258   258   187   189    12   261   260    33
   198   261    59   260   198   198   260   261    32   153
   137    12   260   153    59   137   260   260   137   153
    32   259   193     7   262   259    60   193   262   262
   193   259    21   264   263    38   120   264    61   263
   120   120   263   264    32   192   152    21   263   192
    61   152   263   263   152   192    12   115   265    39
   159   115    62   265   159   159   265   115    33   261
   197    12   265   261    62   197   265   265   197   261
    23   267   266    36   207   267    63   266   207   207
   266   267    33   196    99    23   266   196    63    99
   266   266    99   196    34    89   143     4   268    89
    64   143   268   268   143    89    11   110   269    35
   151   110    65   269   151   151   269   110    34   251
   201    11   269   251    65   201   269   269   201   251
    34   200    90    20   270   200    66    90   270   270
    90   200    19   213   271    37   103   213    67   271
   103   103   271   213    35   249   206    19   271   249
    67   206   271   271   206   249    35   205   203     9
   272   205    68   203   272   272   203   205    13   274
   273    37   212   274    69   273   212   212   273   274
    36    82   146    13   273    82    69   146   273   273
   146    82    23   229   275    40   155   229    70   275
   155   155   275   229    36   267    83    23   275   267
    70    83   275   275    83   267    13   123   276    41
   163   123    71   276   163   163   276   123    37   274
   211    13   276   274    71   211   276   276   211   274
    37   210   121    25   277   210    72   121   277   277
   121   210    38   264   218    21   278   264    73   218
   278   278   218   264    38   217   215     2   279   217
    74   215   279   279   215   217    22   281   280    39
   117   281    75   280   117   117   280   281    38   214
   154    22   280   214    75   154   280   280   154   214
    39   281   223    22   282   281    76   223   282   282
   223   281     8   284   283    40   228   284    77   283
   228   228   283   284    39   222   220     8   283   222
    77   220   283   283   220   222    40   284   226     8
   285   284    78   226   285   285   226   284    24   287
   286    41   125   287    79   286   125   125   286   287
    40   225   160    24   286   225    79   160   286   286
   160   225    41   287   233    24   288   287    80   233
   288   288   233   287    41   232   230     3   289   232
    81   230   289   289   230   232
