0 600000  30 0  2 0 0.4 0.4 400 -1. 1.0e-2 1.0e-6
1.50 0. 1.4 0                       uinf alpha gamma lstd
1 1.0 0.10 4 -1. 0.0  1 2           icyl,psi0 ampli ncurve uratio yy0 JSYM JTHR
-0.51 1 30                           xst,mtim,ktt
0.25 
0.652974751 6.418839050 3.449755563              ul0,pl0,dl0
.FALSE.                                           AXISYM
5   1   361  201 201  1 1 1 1
2   1   1    1   201  1 1 1 1
2   361 361  1   201  1 1 1 1
1   1   361  1   1    1 1 1 1
-1  1   1    1   1  1 1 1 1



5   1   181  101 101  1 1 1 1
2   1   1    1   101  1 1 1 1
2   181  181  1   101  1 1 1 1
1   1   181  1   1    1 1 1 1
-1  1   1    1   1  1 1 1 1



5   1   91   81   81  1 1 1 1
2   1   1    1    81  1 1 1 1
2   91  91   1    81  1 1 1 1
1   1   91   1    1    1 1 1 1
-1  1   1    1    1  1 1 1 1



.FALSE.
5   1   361  201 201  1 1 1 1
2   1   1    1   201  1 1 1 1
2   361 361  1   201  1 1 1 1
1   1   361  1   1    1 1 1 1
-1  1   1    1   1  1 1 1 1



5   1   91   81   81  1 1 1 1
2   1   1    1    81  1 1 1 1
2   91  91   1    81  1 1 1 1
1   1   91   1    1    1 1 1 1
-1  1   1    1    1  1 1 1 1


5   1   181  101 101  1 1 1 1
2   1   1    1   101  1 1 1 1
2   181 181  1   101  1 1 1 1
1   1   181  1   1    1 1 1 1
-1  1   1    1   1  1 1 1 1




0   1  65   1   1  1 1 1 1
0   1  65   65   65  1 1 1 1
7   1   1   1  65   65   65  1  65 

0   1  129  1   1  1 1 1 1
0   1  129  129  129 1 1 1 1
7   1   1   1  129  129  129 1  129

0   1  257  1   1  1 1 1 1
0   1  257  257  257 1 1 1 1
7   1   1   1  257  257  257 1  257

5   1   361  201 201  1 1 1 1
2   1   1    1   201  1 1 1 1
2   361 361  1   201  1 1 1 1
1   1   361  1   1    1 1 1 1
