 VARIABLES = "x","rho","p","t","u" 
        -0.005000         0.124998         0.099995         1.599950
        -0.000045
         0.005000         0.124998         0.099995         1.599950
        -0.000045
         0.015000         0.125000         0.100000         1.600002
        -0.000017
         0.025000         0.124998         0.100007         1.600141
        -0.000033
         0.035000         0.125000         0.100009         1.600145
        -0.000056
         0.045000         0.125010         0.100151         1.602282
        -0.000213
         0.055000         0.125007         0.100144         1.602206
        -0.000270
         0.065000         0.125008         0.100163         1.602509
        -0.000260
         0.075000         0.125003         0.100138         1.602177
        -0.000327
         0.085000         0.125008         0.100151         1.602300
        -0.000274
         0.095000         0.125009         0.100159         1.602421
        -0.000193
         0.105000         0.125057         0.100918         1.613955
        -0.001801
         0.115000         0.125105         0.101667         1.625307
        -0.003378
         0.125000         0.125109         0.101725         1.626182
        -0.003469
         0.135000         0.125114         0.101777         1.626951
        -0.003490
         0.145000         0.125088         0.101504         1.622926
        -0.002921
         0.155000         0.125148         0.102181         1.632975
        -0.004690
         0.165000         0.125482         0.105904         1.687953
        -0.013531
         0.175000         0.125853         0.110016         1.748332
        -0.023384
         0.185000         0.125990         0.111517         1.770261
        -0.026835
         0.195000         0.125915         0.110748         1.759095
        -0.025005
         0.205000         0.125942         0.110886         1.760909
        -0.025475
         0.215000         0.126721         0.116846         1.844145
        -0.042514
         0.225000         0.128566         0.130557         2.030976
        -0.081899
         0.235000         0.130019         0.141088         2.170279
        -0.112166
         0.245000         0.130509         0.144553         2.215210
        -0.122146
         0.255000         0.130576         0.144379         2.211404
        -0.122385
         0.265000         0.131943         0.149977         2.273371
        -0.143671
         0.275000         0.137318         0.172980         2.519412
        -0.226360
         0.285000         0.143648         0.197994         2.756653
        -0.315907
         0.295000         0.145858         0.206112         2.826200
        -0.345101
         0.305000         0.146252         0.206737         2.827138
        -0.348618
         0.315000         0.148513         0.210496         2.834717
        -0.368604
         0.325000         0.161221         0.232206         2.880589
        -0.476216
         0.335000         0.179768         0.258842         2.879742
        -0.606628
         0.345000         0.187065         0.267866         2.863878
        -0.650722
         0.355000         0.187791         0.268152         2.855857
        -0.653101
         0.365000         0.191112         0.268508         2.809955
        -0.660898
         0.375000         0.215242         0.275183         2.556968
        -0.724031
         0.385000         0.254978         0.283930         2.227093
        -0.803579
         0.395000         0.271831         0.287025         2.111791
        -0.830653
         0.405000         0.271839         0.286951         2.111178
        -0.829507
         0.415000         0.274289         0.286479         2.088884
        -0.823973
         0.425000         0.313839         0.286585         1.826323
        -0.811742
         0.435000         0.381750         0.286977         1.503484
        -0.799062
         0.445000         0.408816         0.287161         1.404844
        -0.795345
         0.455000         0.404280         0.287269         1.421139
        -0.795405
         0.465000         0.404067         0.288811         1.429518
        -0.788429
         0.475000         0.457314         0.302145         1.321387
        -0.725854
         0.485000         0.555875         0.324039         1.165870
        -0.637182
         0.495000         0.579312         0.323373         1.116402
        -0.627110
         0.505000         0.545688         0.306940         1.124968
        -0.665752
         0.515000         0.569125         0.329845         1.159130
        -0.622346
         0.525000         0.667686         0.391886         1.173863
        -0.497155
         0.535000         0.720933         0.419234         1.163032
        -0.441897
         0.545000         0.720720         0.413480         1.147409
        -0.446174
         0.555000         0.716184         0.406614         1.135500
        -0.454003
         0.565000         0.743250         0.444081         1.194971
        -0.410416
         0.575000         0.811161         0.526609         1.298407
        -0.314063
         0.585000         0.850711         0.567254         1.333601
        -0.265668
         0.595000         0.853161         0.566403         1.327777
        -0.264303
         0.605000         0.853169         0.565658         1.326015
        -0.264657
         0.615000         0.870022         0.603168         1.386557
        -0.235505
         0.625000         0.909758         0.685287         1.506525
        -0.171300
         0.635000         0.933888         0.730934         1.565358
        -0.135247
         0.645000         0.937209         0.735697         1.569975
        -0.130864
         0.655000         0.937935         0.737125         1.571805
        -0.129782
         0.665000         0.945232         0.762423         1.613196
        -0.115371
         0.675000         0.963779         0.825116         1.712251
        -0.079662
         0.685000         0.976487         0.866257         1.774231
        -0.056060
         0.695000         0.978748         0.872833         1.783569
        -0.052093
         0.705000         0.979142         0.873929         1.785092
        -0.051408
         0.715000         0.981352         0.885572         1.804800
        -0.046242
         0.725000         0.987682         0.919006         1.860934
        -0.031471
         0.735000         0.993057         0.946938         1.907115
        -0.019089
         0.745000         0.994424         0.953409         1.917510
        -0.016070
         0.755000         0.994491         0.953245         1.917051
        -0.016029
         0.765000         0.994981         0.957062         1.923779
        -0.014657
         0.775000         0.996434         0.968470         1.943870
        -0.010567
         0.785000         0.998279         0.982896         1.969181
        -0.005397
         0.795000         0.999058         0.989022         1.979909
        -0.003211
         0.805000         0.999085         0.989163         1.980138
        -0.003151
         0.815000         0.999010         0.988380         1.978719
        -0.003384
         0.825000         0.999147         0.989906         1.981502
        -0.002945
         0.835000         0.999518         0.994070         1.989099
        -0.001699
         0.845000         0.999852         0.997815         1.995925
        -0.000587
         0.855000         0.999912         0.998494         1.997165
        -0.000365
         0.865000         0.999886         0.998221         1.996670
        -0.000437
         0.875000         0.999891         0.998273         1.996764
        -0.000434
         0.885000         0.999895         0.998332         1.996872
        -0.000423
         0.895000         0.999943         0.999082         1.998276
        -0.000225
         0.905000         0.999991         0.999841         1.999701
        -0.000024
         0.915000         0.999992         0.999849         1.999716
        -0.000034
         0.925000         0.999997         0.999862         1.999729
        -0.000041
         0.935000         0.999992         0.999837         1.999689
        -0.000032
         0.945000         0.999993         0.999856         1.999727
        -0.000034
         0.955000         0.999990         0.999849         1.999719
        -0.000027
         0.965000         1.000000         0.999991         1.999982
        -0.000007
         0.975000         1.000002         0.999993         1.999981
        -0.000004
         0.985000         1.000000         1.000000         2.000000
        -0.000002
         0.995000         1.000002         1.000005         2.000005
        -0.000006
