========= Input edge Parameters ========= 
   32 	  !Number of global edge 
------------------------------------ 
    1     1     1    13     3
    2     5     1     1     3
    3     2     1    14     3
    4     6     1     2     3
    5     3     1    15     3
    6     7     1     3     3
    7     4     1    16     3
    8     8     1     4     3
    9     9     1     5     3
   10    10     1     6     3
   11    11     1     7     3
   12    12     1     8     3
   13    13     1     9     3
   14    14     1    10     3
   15    15     1    11     3
   16    16     1    12     3
   17     1     2     2     4
   18     4     2     1     4
   19     2     2     3     4
   20     3     2     4     4
   21     5     2     6     4
   22     8     2     5     4
   23     6     2     7     4
   24     7     2     8     4
   25     9     2    10     4
   26    12     2     9     4
   27    10     2    11     4
   28    11     2    12     4
   29    13     2    14     4
   30    16     2    13     4
   31    14     2    15     4
   32    15     2    16     4
------------------------------------ 
   32 	  !Number of interior edge 
   16 	  !Number of interior edge 1 
   16 	  !Number of interior edge 2 
------------------------------------ 
     1 	     1 	     1 	    13 	     3 
     2 	     5 	     1 	     1 	     3 
     3 	     2 	     1 	    14 	     3 
     4 	     6 	     1 	     2 	     3 
     5 	     3 	     1 	    15 	     3 
     6 	     7 	     1 	     3 	     3 
     7 	     4 	     1 	    16 	     3 
     8 	     8 	     1 	     4 	     3 
     9 	     9 	     1 	     5 	     3 
    10 	    10 	     1 	     6 	     3 
    11 	    11 	     1 	     7 	     3 
    12 	    12 	     1 	     8 	     3 
    13 	    13 	     1 	     9 	     3 
    14 	    14 	     1 	    10 	     3 
    15 	    15 	     1 	    11 	     3 
    16 	    16 	     1 	    12 	     3 
    17 	     1 	     2 	     2 	     4 
    18 	     4 	     2 	     1 	     4 
    19 	     2 	     2 	     3 	     4 
    20 	     3 	     2 	     4 	     4 
    21 	     5 	     2 	     6 	     4 
    22 	     8 	     2 	     5 	     4 
    23 	     6 	     2 	     7 	     4 
    24 	     7 	     2 	     8 	     4 
    25 	     9 	     2 	    10 	     4 
    26 	    12 	     2 	     9 	     4 
    27 	    10 	     2 	    11 	     4 
    28 	    11 	     2 	    12 	     4 
    29 	    13 	     2 	    14 	     4 
    30 	    16 	     2 	    13 	     4 
    31 	    14 	     2 	    15 	     4 
    32 	    15 	     2 	    16 	     4 
------------------------------------ 
    0 	  !Number of outer edge 
    0 	  !Number of outer edge 1 
    0 	  !Number of outer edge 2 
    0 	  !Number of outer edge 3 
    0 	  !Number of outer edge 4 
------------------------------------ 
------------------------------------ 
