        1089
        2048
  0.0000000000000000E+00  0.0000000000000000E+00  0.1000000000000000E+01  0.0000000000000000E+00  0.1000000000000000E+01  0.1000000000000000E+01
  0.0000000000000000E+00  0.1000000000000000E+01  0.5000000000000000E+00  0.5000000000000000E+00  0.0000000000000000E+00  0.5000000000000000E+00
  0.5000000000000000E+00  0.0000000000000000E+00  0.1000000000000000E+01  0.5000000000000000E+00  0.5000000000000000E+00  0.1000000000000000E+01
  0.2500000000000000E+00  0.2500000000000000E+00  0.2500000000000000E+00  0.7500000000000000E+00  0.7500000000000000E+00  0.2500000000000000E+00
  0.7500000000000000E+00  0.7500000000000000E+00  0.2500000000000000E+00  0.5000000000000000E+00  0.0000000000000000E+00  0.2500000000000000E+00
  0.2500000000000000E+00  0.0000000000000000E+00  0.5000000000000000E+00  0.2500000000000000E+00  0.0000000000000000E+00  0.7500000000000000E+00
  0.5000000000000000E+00  0.7500000000000000E+00  0.2500000000000000E+00  0.1000000000000000E+01  0.7500000000000000E+00  0.0000000000000000E+00
  0.1000000000000000E+01  0.2500000000000000E+00  0.7500000000000000E+00  0.5000000000000000E+00  0.1000000000000000E+01  0.7500000000000000E+00
  0.7500000000000000E+00  0.1000000000000000E+01  0.1250000000000000E+00  0.3750000000000000E+00  0.3750000000000000E+00  0.3750000000000000E+00
  0.3750000000000000E+00  0.6250000000000000E+00  0.1250000000000000E+00  0.6250000000000000E+00  0.1250000000000000E+00  0.1250000000000000E+00
  0.3750000000000000E+00  0.1250000000000000E+00  0.6250000000000000E+00  0.1250000000000000E+00  0.6250000000000000E+00  0.3750000000000000E+00
  0.1250000000000000E+00  0.8750000000000000E+00  0.3750000000000000E+00  0.8750000000000000E+00  0.6250000000000000E+00  0.6250000000000000E+00
  0.6250000000000000E+00  0.8750000000000000E+00  0.8750000000000000E+00  0.1250000000000000E+00  0.8750000000000000E+00  0.3750000000000000E+00
  0.8750000000000000E+00  0.6250000000000000E+00  0.8750000000000000E+00  0.8750000000000000E+00  0.2500000000000000E+00  0.3750000000000000E+00
  0.1250000000000000E+00  0.5000000000000000E+00  0.0000000000000000E+00  0.3750000000000000E+00  0.1250000000000000E+00  0.2500000000000000E+00
  0.3750000000000000E+00  0.5000000000000000E+00  0.3750000000000000E+00  0.2500000000000000E+00  0.5000000000000000E+00  0.3750000000000000E+00
  0.2500000000000000E+00  0.6250000000000000E+00  0.5000000000000000E+00  0.6250000000000000E+00  0.3750000000000000E+00  0.7500000000000000E+00
  0.1250000000000000E+00  0.7500000000000000E+00  0.0000000000000000E+00  0.6250000000000000E+00  0.0000000000000000E+00  0.1250000000000000E+00
  0.1250000000000000E+00  0.0000000000000000E+00  0.2500000000000000E+00  0.1250000000000000E+00  0.3750000000000000E+00  0.0000000000000000E+00
  0.5000000000000000E+00  0.1250000000000000E+00  0.6250000000000000E+00  0.2500000000000000E+00  0.6250000000000000E+00  0.0000000000000000E+00
  0.7500000000000000E+00  0.1250000000000000E+00  0.7500000000000000E+00  0.3750000000000000E+00  0.6250000000000000E+00  0.5000000000000000E+00
  0.0000000000000000E+00  0.8750000000000000E+00  0.2500000000000000E+00  0.8750000000000000E+00  0.1250000000000000E+00  0.1000000000000000E+01
  0.5000000000000000E+00  0.8750000000000000E+00  0.3750000000000000E+00  0.1000000000000000E+01  0.6250000000000000E+00  0.7500000000000000E+00
  0.7500000000000000E+00  0.6250000000000000E+00  0.7500000000000000E+00  0.8750000000000000E+00  0.6250000000000000E+00  0.1000000000000000E+01
  0.8750000000000000E+00  0.0000000000000000E+00  0.1000000000000000E+01  0.1250000000000000E+00  0.8750000000000000E+00  0.2500000000000000E+00
  0.1000000000000000E+01  0.3750000000000000E+00  0.8750000000000000E+00  0.5000000000000000E+00  0.1000000000000000E+01  0.6250000000000000E+00
  0.8750000000000000E+00  0.7500000000000000E+00  0.1000000000000000E+01  0.8750000000000000E+00  0.8750000000000000E+00  0.1000000000000000E+01
  0.1875000000000000E+00  0.4375000000000000E+00  0.1875000000000000E+00  0.3125000000000000E+00  0.3125000000000000E+00  0.3125000000000000E+00
  0.3125000000000000E+00  0.4375000000000000E+00  0.6250000000000000E-01  0.4375000000000000E+00  0.1875000000000000E+00  0.5625000000000000E+00
  0.6250000000000000E-01  0.5625000000000000E+00  0.6250000000000000E-01  0.3125000000000000E+00  0.6250000000000000E-01  0.1875000000000000E+00
  0.1875000000000000E+00  0.1875000000000000E+00  0.4375000000000000E+00  0.4375000000000000E+00  0.4375000000000000E+00  0.5625000000000000E+00
  0.3125000000000000E+00  0.5625000000000000E+00  0.4375000000000000E+00  0.3125000000000000E+00  0.3125000000000000E+00  0.1875000000000000E+00
  0.4375000000000000E+00  0.1875000000000000E+00  0.5625000000000000E+00  0.3125000000000000E+00  0.5625000000000000E+00  0.4375000000000000E+00
  0.3125000000000000E+00  0.6875000000000000E+00  0.1875000000000000E+00  0.6875000000000000E+00  0.4375000000000000E+00  0.6875000000000000E+00
  0.5625000000000000E+00  0.5625000000000000E+00  0.5625000000000000E+00  0.6875000000000000E+00  0.4375000000000000E+00  0.8125000000000000E+00
  0.3125000000000000E+00  0.8125000000000000E+00  0.6250000000000000E-01  0.6875000000000000E+00  0.1875000000000000E+00  0.8125000000000000E+00
  0.6250000000000000E-01  0.8125000000000000E+00  0.6250000000000000E-01  0.6250000000000000E-01  0.1875000000000000E+00  0.6250000000000000E-01
  0.3125000000000000E+00  0.6250000000000000E-01  0.4375000000000000E+00  0.6250000000000000E-01  0.5625000000000000E+00  0.6250000000000000E-01
  0.5625000000000000E+00  0.1875000000000000E+00  0.6875000000000000E+00  0.1875000000000000E+00  0.6875000000000000E+00  0.3125000000000000E+00
  0.6875000000000000E+00  0.6250000000000000E-01  0.8125000000000000E+00  0.6250000000000000E-01  0.8125000000000000E+00  0.1875000000000000E+00
  0.6875000000000000E+00  0.4375000000000000E+00  0.8125000000000000E+00  0.3125000000000000E+00  0.8125000000000000E+00  0.4375000000000000E+00
  0.6875000000000000E+00  0.5625000000000000E+00  0.6250000000000000E-01  0.9375000000000000E+00  0.1875000000000000E+00  0.9375000000000000E+00
  0.3125000000000000E+00  0.9375000000000000E+00  0.4375000000000000E+00  0.9375000000000000E+00  0.5625000000000000E+00  0.8125000000000000E+00
  0.5625000000000000E+00  0.9375000000000000E+00  0.6875000000000000E+00  0.6875000000000000E+00  0.6875000000000000E+00  0.8125000000000000E+00
  0.8125000000000000E+00  0.5625000000000000E+00  0.8125000000000000E+00  0.6875000000000000E+00  0.6875000000000000E+00  0.9375000000000000E+00
  0.8125000000000000E+00  0.8125000000000000E+00  0.8125000000000000E+00  0.9375000000000000E+00  0.9375000000000000E+00  0.6250000000000000E-01
  0.9375000000000000E+00  0.1875000000000000E+00  0.9375000000000000E+00  0.3125000000000000E+00  0.9375000000000000E+00  0.4375000000000000E+00
  0.9375000000000000E+00  0.5625000000000000E+00  0.9375000000000000E+00  0.6875000000000000E+00  0.9375000000000000E+00  0.8125000000000000E+00
  0.9375000000000000E+00  0.9375000000000000E+00  0.1875000000000000E+00  0.3750000000000000E+00  0.2500000000000000E+00  0.4375000000000000E+00
  0.1875000000000000E+00  0.5000000000000000E+00  0.1250000000000000E+00  0.4375000000000000E+00  0.2500000000000000E+00  0.3125000000000000E+00
  0.1250000000000000E+00  0.3125000000000000E+00  0.1875000000000000E+00  0.2500000000000000E+00  0.3125000000000000E+00  0.3750000000000000E+00
  0.3125000000000000E+00  0.2500000000000000E+00  0.3750000000000000E+00  0.3125000000000000E+00  0.3750000000000000E+00  0.4375000000000000E+00
  0.3125000000000000E+00  0.5000000000000000E+00  0.6250000000000000E-01  0.5000000000000000E+00  0.0000000000000000E+00  0.4375000000000000E+00
  0.6250000000000000E-01  0.3750000000000000E+00  0.1250000000000000E+00  0.5625000000000000E+00  0.2500000000000000E+00  0.5625000000000000E+00
  0.1875000000000000E+00  0.6250000000000000E+00  0.6250000000000000E-01  0.6250000000000000E+00  0.0000000000000000E+00  0.5625000000000000E+00
  0.0000000000000000E+00  0.3125000000000000E+00  0.6250000000000000E-01  0.2500000000000000E+00  0.1250000000000000E+00  0.1875000000000000E+00
  0.0000000000000000E+00  0.1875000000000000E+00  0.6250000000000000E-01  0.1250000000000000E+00  0.1875000000000000E+00  0.1250000000000000E+00
  0.2500000000000000E+00  0.1875000000000000E+00  0.4375000000000000E+00  0.5000000000000000E+00  0.4375000000000000E+00  0.3750000000000000E+00
  0.5000000000000000E+00  0.4375000000000000E+00  0.3750000000000000E+00  0.5625000000000000E+00  0.5000000000000000E+00  0.5625000000000000E+00
  0.4375000000000000E+00  0.6250000000000000E+00  0.3125000000000000E+00  0.6250000000000000E+00  0.4375000000000000E+00  0.2500000000000000E+00
  0.5000000000000000E+00  0.3125000000000000E+00  0.3750000000000000E+00  0.1875000000000000E+00  0.3125000000000000E+00  0.1250000000000000E+00
  0.4375000000000000E+00  0.1250000000000000E+00  0.5000000000000000E+00  0.1875000000000000E+00  0.5625000000000000E+00  0.3750000000000000E+00
  0.5625000000000000E+00  0.2500000000000000E+00  0.6250000000000000E+00  0.3125000000000000E+00  0.6250000000000000E+00  0.4375000000000000E+00
  0.5625000000000000E+00  0.5000000000000000E+00  0.2500000000000000E+00  0.6875000000000000E+00  0.3750000000000000E+00  0.6875000000000000E+00
  0.3125000000000000E+00  0.7500000000000000E+00  0.1875000000000000E+00  0.7500000000000000E+00  0.1250000000000000E+00  0.6875000000000000E+00
  0.5000000000000000E+00  0.6875000000000000E+00  0.4375000000000000E+00  0.7500000000000000E+00  0.5625000000000000E+00  0.6250000000000000E+00
  0.6250000000000000E+00  0.5625000000000000E+00  0.6250000000000000E+00  0.6875000000000000E+00  0.5625000000000000E+00  0.7500000000000000E+00
  0.3750000000000000E+00  0.8125000000000000E+00  0.5000000000000000E+00  0.8125000000000000E+00  0.4375000000000000E+00  0.8750000000000000E+00
  0.3125000000000000E+00  0.8750000000000000E+00  0.2500000000000000E+00  0.8125000000000000E+00  0.6250000000000000E-01  0.7500000000000000E+00
  0.0000000000000000E+00  0.6875000000000000E+00  0.1250000000000000E+00  0.8125000000000000E+00  0.1875000000000000E+00  0.8750000000000000E+00
  0.6250000000000000E-01  0.8750000000000000E+00  0.0000000000000000E+00  0.8125000000000000E+00  0.0000000000000000E+00  0.6250000000000000E-01
  0.6250000000000000E-01  0.0000000000000000E+00  0.1250000000000000E+00  0.6250000000000000E-01  0.1875000000000000E+00  0.0000000000000000E+00
  0.2500000000000000E+00  0.6250000000000000E-01  0.3125000000000000E+00  0.0000000000000000E+00  0.3750000000000000E+00  0.6250000000000000E-01
  0.4375000000000000E+00  0.0000000000000000E+00  0.5000000000000000E+00  0.6250000000000000E-01  0.5625000000000000E+00  0.1250000000000000E+00
  0.5625000000000000E+00  0.0000000000000000E+00  0.6250000000000000E+00  0.6250000000000000E-01  0.6250000000000000E+00  0.1875000000000000E+00
  0.6875000000000000E+00  0.2500000000000000E+00  0.6875000000000000E+00  0.1250000000000000E+00  0.7500000000000000E+00  0.1875000000000000E+00
  0.7500000000000000E+00  0.3125000000000000E+00  0.6875000000000000E+00  0.3750000000000000E+00  0.6875000000000000E+00  0.0000000000000000E+00
  0.7500000000000000E+00  0.6250000000000000E-01  0.8125000000000000E+00  0.1250000000000000E+00  0.8125000000000000E+00  0.0000000000000000E+00
  0.8750000000000000E+00  0.6250000000000000E-01  0.8750000000000000E+00  0.1875000000000000E+00  0.8125000000000000E+00  0.2500000000000000E+00
  0.7500000000000000E+00  0.4375000000000000E+00  0.6875000000000000E+00  0.5000000000000000E+00  0.8125000000000000E+00  0.3750000000000000E+00
  0.8750000000000000E+00  0.3125000000000000E+00  0.8750000000000000E+00  0.4375000000000000E+00  0.8125000000000000E+00  0.5000000000000000E+00
  0.7500000000000000E+00  0.5625000000000000E+00  0.6875000000000000E+00  0.6250000000000000E+00  0.0000000000000000E+00  0.9375000000000000E+00
  0.1250000000000000E+00  0.9375000000000000E+00  0.6250000000000000E-01  0.1000000000000000E+01  0.2500000000000000E+00  0.9375000000000000E+00
  0.1875000000000000E+00  0.1000000000000000E+01  0.3750000000000000E+00  0.9375000000000000E+00  0.3125000000000000E+00  0.1000000000000000E+01
  0.5000000000000000E+00  0.9375000000000000E+00  0.4375000000000000E+00  0.1000000000000000E+01  0.5625000000000000E+00  0.8750000000000000E+00
  0.6250000000000000E+00  0.8125000000000000E+00  0.6250000000000000E+00  0.9375000000000000E+00  0.5625000000000000E+00  0.1000000000000000E+01
  0.6875000000000000E+00  0.7500000000000000E+00  0.7500000000000000E+00  0.6875000000000000E+00  0.7500000000000000E+00  0.8125000000000000E+00
  0.6875000000000000E+00  0.8750000000000000E+00  0.8125000000000000E+00  0.6250000000000000E+00  0.8750000000000000E+00  0.5625000000000000E+00
  0.8750000000000000E+00  0.6875000000000000E+00  0.8125000000000000E+00  0.7500000000000000E+00  0.7500000000000000E+00  0.9375000000000000E+00
  0.6875000000000000E+00  0.1000000000000000E+01  0.8125000000000000E+00  0.8750000000000000E+00  0.8750000000000000E+00  0.8125000000000000E+00
  0.8750000000000000E+00  0.9375000000000000E+00  0.8125000000000000E+00  0.1000000000000000E+01  0.9375000000000000E+00  0.0000000000000000E+00
  0.1000000000000000E+01  0.6250000000000000E-01  0.9375000000000000E+00  0.1250000000000000E+00  0.1000000000000000E+01  0.1875000000000000E+00
  0.9375000000000000E+00  0.2500000000000000E+00  0.1000000000000000E+01  0.3125000000000000E+00  0.9375000000000000E+00  0.3750000000000000E+00
  0.1000000000000000E+01  0.4375000000000000E+00  0.9375000000000000E+00  0.5000000000000000E+00  0.1000000000000000E+01  0.5625000000000000E+00
  0.9375000000000000E+00  0.6250000000000000E+00  0.1000000000000000E+01  0.6875000000000000E+00  0.9375000000000000E+00  0.7500000000000000E+00
  0.1000000000000000E+01  0.8125000000000000E+00  0.9375000000000000E+00  0.8750000000000000E+00  0.1000000000000000E+01  0.9375000000000000E+00
  0.9375000000000000E+00  0.1000000000000000E+01  0.7187500000000000E+00  0.7187500000000000E+00  0.7187500000000000E+00  0.6875000000000000E+00
  0.7500000000000000E+00  0.7187500000000000E+00  0.2187500000000000E+00  0.4062500000000000E+00  0.1875000000000000E+00  0.4062500000000000E+00
  0.2187500000000000E+00  0.3750000000000000E+00  0.3125000000000000E-01  0.1000000000000000E+01  0.3125000000000000E-01  0.9687500000000000E+00
  0.6250000000000000E-01  0.9687500000000000E+00  0.0000000000000000E+00  0.5312500000000000E+00  0.3125000000000000E-01  0.5312500000000000E+00
  0.3125000000000000E-01  0.5625000000000000E+00  0.4687500000000000E+00  0.4375000000000000E+00  0.5000000000000000E+00  0.4687500000000000E+00
  0.4687500000000000E+00  0.4687500000000000E+00  0.5312500000000000E+00  0.4687500000000000E+00  0.5312500000000000E+00  0.4375000000000000E+00
  0.5625000000000000E+00  0.4687500000000000E+00  0.5312500000000000E+00  0.5000000000000000E+00  0.5312500000000000E+00  0.9687500000000000E+00
  0.5000000000000000E+00  0.9687500000000000E+00  0.5312500000000000E+00  0.9375000000000000E+00  0.3437500000000000E+00  0.1562500000000000E+00
  0.3125000000000000E+00  0.1562500000000000E+00  0.3437500000000000E+00  0.1250000000000000E+00  0.2187500000000000E+00  0.2187500000000000E+00
  0.2187500000000000E+00  0.2500000000000000E+00  0.1875000000000000E+00  0.2187500000000000E+00  0.2812500000000000E+00  0.7812500000000000E+00
  0.2812500000000000E+00  0.7500000000000000E+00  0.3125000000000000E+00  0.7812500000000000E+00  0.6250000000000000E-01  0.5312500000000000E+00
  0.3125000000000000E-01  0.5000000000000000E+00  0.8437500000000000E+00  0.3437500000000000E+00  0.8437500000000000E+00  0.3125000000000000E+00
  0.8750000000000000E+00  0.3437500000000000E+00  0.7812500000000000E+00  0.2187500000000000E+00  0.7500000000000000E+00  0.2187500000000000E+00
  0.7812500000000000E+00  0.1875000000000000E+00  0.5625000000000000E+00  0.9687500000000000E+00  0.5312500000000000E+00  0.1000000000000000E+01
  0.8437500000000000E+00  0.8437500000000000E+00  0.8437500000000000E+00  0.8125000000000000E+00  0.8750000000000000E+00  0.8437500000000000E+00
  0.2500000000000000E+00  0.5937500000000000E+00  0.2812500000000000E+00  0.5625000000000000E+00  0.2812500000000000E+00  0.5937500000000000E+00
  0.2812500000000000E+00  0.5000000000000000E+00  0.2812500000000000E+00  0.4687500000000000E+00  0.3125000000000000E+00  0.4687500000000000E+00
  0.1875000000000000E+00  0.2812500000000000E+00  0.2187500000000000E+00  0.2812500000000000E+00  0.2187500000000000E+00  0.1875000000000000E+00
  0.2500000000000000E+00  0.2187500000000000E+00  0.5937500000000000E+00  0.2500000000000000E+00  0.5625000000000000E+00  0.2187500000000000E+00
  0.5937500000000000E+00  0.2187500000000000E+00  0.4687500000000000E+00  0.2187500000000000E+00  0.4687500000000000E+00  0.2500000000000000E+00
  0.4375000000000000E+00  0.2187500000000000E+00  0.0000000000000000E+00  0.7812500000000000E+00  0.3125000000000000E-01  0.7812500000000000E+00
  0.3125000000000000E-01  0.8125000000000000E+00  0.5312500000000000E+00  0.7500000000000000E+00  0.5312500000000000E+00  0.7187500000000000E+00
  0.5625000000000000E+00  0.7187500000000000E+00  0.3125000000000000E+00  0.7187500000000000E+00  0.2812500000000000E+00  0.7187500000000000E+00
  0.2812500000000000E+00  0.9687500000000000E+00  0.2500000000000000E+00  0.9687500000000000E+00  0.2812500000000000E+00  0.9375000000000000E+00
  0.7187500000000000E+00  0.1875000000000000E+00  0.7187500000000000E+00  0.2187500000000000E+00  0.8125000000000000E+00  0.2187500000000000E+00
  0.7812500000000000E+00  0.2500000000000000E+00  0.7812500000000000E+00  0.6875000000000000E+00  0.7812500000000000E+00  0.7187500000000000E+00
  0.7812500000000000E+00  0.4687500000000000E+00  0.7500000000000000E+00  0.4687500000000000E+00  0.7812500000000000E+00  0.4375000000000000E+00
  0.8125000000000000E+00  0.7187500000000000E+00  0.7812500000000000E+00  0.7500000000000000E+00  0.7812500000000000E+00  0.9687500000000000E+00
  0.7500000000000000E+00  0.9687500000000000E+00  0.7812500000000000E+00  0.9375000000000000E+00  0.9375000000000000E-01  0.3437500000000000E+00
  0.9375000000000000E-01  0.3750000000000000E+00  0.6250000000000000E-01  0.3437500000000000E+00  0.9375000000000000E-01  0.4062500000000000E+00
  0.1250000000000000E+00  0.4062500000000000E+00  0.9375000000000000E-01  0.4375000000000000E+00  0.4062500000000000E+00  0.3437500000000000E+00
  0.3750000000000000E+00  0.3437500000000000E+00  0.4062500000000000E+00  0.3125000000000000E+00  0.2812500000000000E+00  0.4375000000000000E+00
  0.2500000000000000E+00  0.4687500000000000E+00  0.4062500000000000E+00  0.6562500000000000E+00  0.4062500000000000E+00  0.6250000000000000E+00
  0.4375000000000000E+00  0.6562500000000000E+00  0.3125000000000000E+00  0.5312500000000000E+00  0.2812500000000000E+00  0.5312500000000000E+00
  0.9375000000000000E-01  0.6562500000000000E+00  0.1250000000000000E+00  0.6562500000000000E+00  0.9375000000000000E-01  0.6875000000000000E+00
  0.1562500000000000E+00  0.6250000000000000E+00  0.1562500000000000E+00  0.5937500000000000E+00  0.1875000000000000E+00  0.5937500000000000E+00
  0.1562500000000000E+00  0.9375000000000000E-01  0.1250000000000000E+00  0.9375000000000000E-01  0.1562500000000000E+00  0.6250000000000000E-01
  0.9375000000000000E-01  0.9375000000000000E-01  0.9375000000000000E-01  0.1250000000000000E+00  0.6250000000000000E-01  0.9375000000000000E-01
  0.4687500000000000E+00  0.1875000000000000E+00  0.5000000000000000E+00  0.2187500000000000E+00  0.4062500000000000E+00  0.9375000000000000E-01
  0.3750000000000000E+00  0.9375000000000000E-01  0.4062500000000000E+00  0.6250000000000000E-01  0.6562500000000000E+00  0.9375000000000000E-01
  0.6250000000000000E+00  0.9375000000000000E-01  0.6562500000000000E+00  0.6250000000000000E-01  0.5312500000000000E+00  0.1875000000000000E+00
  0.5312500000000000E+00  0.2187500000000000E+00  0.6562500000000000E+00  0.4062500000000000E+00  0.6562500000000000E+00  0.3750000000000000E+00
  0.6875000000000000E+00  0.4062500000000000E+00  0.6250000000000000E+00  0.3437500000000000E+00  0.5937500000000000E+00  0.3437500000000000E+00
  0.5937500000000000E+00  0.3125000000000000E+00  0.1562500000000000E+00  0.9062500000000000E+00  0.1562500000000000E+00  0.8750000000000000E+00
  0.1875000000000000E+00  0.9062500000000000E+00  0.6250000000000000E-01  0.7812500000000000E+00  0.3125000000000000E-01  0.7500000000000000E+00
  0.3125000000000000E+00  0.9687500000000000E+00  0.2812500000000000E+00  0.1000000000000000E+01  0.4062500000000000E+00  0.9062500000000000E+00
  0.4062500000000000E+00  0.8750000000000000E+00  0.4375000000000000E+00  0.9062500000000000E+00  0.6250000000000000E+00  0.5937500000000000E+00
  0.5937500000000000E+00  0.5937500000000000E+00  0.5937500000000000E+00  0.5625000000000000E+00  0.5312500000000000E+00  0.6875000000000000E+00
  0.5000000000000000E+00  0.7187500000000000E+00  0.6562500000000000E+00  0.9062500000000000E+00  0.6562500000000000E+00  0.8750000000000000E+00
  0.6875000000000000E+00  0.9062500000000000E+00  0.6250000000000000E+00  0.8437500000000000E+00  0.5937500000000000E+00  0.8437500000000000E+00
  0.5937500000000000E+00  0.8125000000000000E+00  0.9062500000000000E+00  0.1562500000000000E+00  0.9062500000000000E+00  0.1250000000000000E+00
  0.9375000000000000E+00  0.1562500000000000E+00  0.9062500000000000E+00  0.9375000000000000E-01  0.8750000000000000E+00  0.9375000000000000E-01
  0.9062500000000000E+00  0.6250000000000000E-01  0.8125000000000000E+00  0.4687500000000000E+00  0.7812500000000000E+00  0.5000000000000000E+00
  0.9062500000000000E+00  0.4062500000000000E+00  0.9062500000000000E+00  0.3750000000000000E+00  0.9375000000000000E+00  0.4062500000000000E+00
  0.9062500000000000E+00  0.6562500000000000E+00  0.9062500000000000E+00  0.6250000000000000E+00  0.9375000000000000E+00  0.6562500000000000E+00
  0.8750000000000000E+00  0.5937500000000000E+00  0.8437500000000000E+00  0.5937500000000000E+00  0.8437500000000000E+00  0.5625000000000000E+00
  0.8125000000000000E+00  0.9687500000000000E+00  0.7812500000000000E+00  0.1000000000000000E+01  0.9062500000000000E+00  0.9062500000000000E+00
  0.9062500000000000E+00  0.8750000000000000E+00  0.9375000000000000E+00  0.9062500000000000E+00  0.2812500000000000E+00  0.3750000000000000E+00
  0.2812500000000000E+00  0.3437500000000000E+00  0.3125000000000000E+00  0.3437500000000000E+00  0.2500000000000000E+00  0.3437500000000000E+00
  0.2187500000000000E+00  0.3437500000000000E+00  0.2187500000000000E+00  0.3125000000000000E+00  0.1250000000000000E+00  0.5312500000000000E+00
  0.1562500000000000E+00  0.5312500000000000E+00  0.1562500000000000E+00  0.5625000000000000E+00  0.1562500000000000E+00  0.4375000000000000E+00
  0.1562500000000000E+00  0.4062500000000000E+00  0.6250000000000000E-01  0.4062500000000000E+00  0.1250000000000000E+00  0.2187500000000000E+00
  0.9375000000000000E-01  0.2187500000000000E+00  0.9375000000000000E-01  0.1875000000000000E+00  0.9375000000000000E-01  0.2812500000000000E+00
  0.1250000000000000E+00  0.2812500000000000E+00  0.9375000000000000E-01  0.3125000000000000E+00  0.3750000000000000E+00  0.5312500000000000E+00
  0.4062500000000000E+00  0.5312500000000000E+00  0.4062500000000000E+00  0.5625000000000000E+00  0.4062500000000000E+00  0.5000000000000000E+00
  0.4062500000000000E+00  0.4687500000000000E+00  0.4375000000000000E+00  0.4687500000000000E+00  0.3750000000000000E+00  0.2187500000000000E+00
  0.3437500000000000E+00  0.2187500000000000E+00  0.3437500000000000E+00  0.1875000000000000E+00  0.3437500000000000E+00  0.3125000000000000E+00
  0.3437500000000000E+00  0.3437500000000000E+00  0.5312500000000000E+00  0.3750000000000000E+00  0.5312500000000000E+00  0.3437500000000000E+00
  0.5625000000000000E+00  0.3437500000000000E+00  0.4687500000000000E+00  0.3437500000000000E+00  0.4687500000000000E+00  0.3750000000000000E+00
  0.4375000000000000E+00  0.3437500000000000E+00  0.1875000000000000E+00  0.6562500000000000E+00  0.1562500000000000E+00  0.6562500000000000E+00
  0.2500000000000000E+00  0.6562500000000000E+00  0.2812500000000000E+00  0.6562500000000000E+00  0.2812500000000000E+00  0.6875000000000000E+00
  0.5312500000000000E+00  0.6250000000000000E+00  0.5312500000000000E+00  0.5937500000000000E+00  0.5625000000000000E+00  0.5937500000000000E+00
  0.4375000000000000E+00  0.5937500000000000E+00  0.4062500000000000E+00  0.5937500000000000E+00  0.3750000000000000E+00  0.7812500000000000E+00
  0.4062500000000000E+00  0.7812500000000000E+00  0.4062500000000000E+00  0.8125000000000000E+00  0.4062500000000000E+00  0.7187500000000000E+00
  0.3750000000000000E+00  0.7187500000000000E+00  0.4062500000000000E+00  0.6875000000000000E+00  0.1250000000000000E+00  0.7812500000000000E+00
  0.1562500000000000E+00  0.7812500000000000E+00  0.1562500000000000E+00  0.8125000000000000E+00  0.1562500000000000E+00  0.6875000000000000E+00
  0.3125000000000000E-01  0.6562500000000000E+00  0.3125000000000000E-01  0.6250000000000000E+00  0.6250000000000000E-01  0.6562500000000000E+00
  0.6250000000000000E-01  0.1562500000000000E+00  0.9375000000000000E-01  0.1562500000000000E+00  0.9375000000000000E-01  0.6250000000000000E-01
  0.3125000000000000E+00  0.9375000000000000E-01  0.3437500000000000E+00  0.9375000000000000E-01  0.2187500000000000E+00  0.9375000000000000E-01
  0.2187500000000000E+00  0.1250000000000000E+00  0.1875000000000000E+00  0.9375000000000000E-01  0.3437500000000000E+00  0.6250000000000000E-01
  0.5312500000000000E+00  0.1250000000000000E+00  0.5312500000000000E+00  0.9375000000000000E-01  0.5625000000000000E+00  0.9375000000000000E-01
  0.4687500000000000E+00  0.9375000000000000E-01  0.4687500000000000E+00  0.1250000000000000E+00  0.4375000000000000E+00  0.9375000000000000E-01
  0.6562500000000000E+00  0.3125000000000000E+00  0.6562500000000000E+00  0.3437500000000000E+00  0.6562500000000000E+00  0.2500000000000000E+00
  0.6562500000000000E+00  0.2187500000000000E+00  0.6875000000000000E+00  0.2187500000000000E+00  0.5937500000000000E+00  0.6250000000000000E-01
  0.5937500000000000E+00  0.9375000000000000E-01  0.7812500000000000E+00  0.1250000000000000E+00  0.7812500000000000E+00  0.9375000000000000E-01
  0.8125000000000000E+00  0.9375000000000000E-01  0.7187500000000000E+00  0.9375000000000000E-01  0.7187500000000000E+00  0.1250000000000000E+00
  0.6875000000000000E+00  0.9375000000000000E-01  0.7812500000000000E+00  0.3750000000000000E+00  0.7812500000000000E+00  0.3437500000000000E+00
  0.8125000000000000E+00  0.3437500000000000E+00  0.6875000000000000E+00  0.3437500000000000E+00  0.6562500000000000E+00  0.5625000000000000E+00
  0.6562500000000000E+00  0.5937500000000000E+00  0.6562500000000000E+00  0.4687500000000000E+00  0.6250000000000000E+00  0.4687500000000000E+00
  0.6562500000000000E+00  0.4375000000000000E+00  0.0000000000000000E+00  0.9062500000000000E+00  0.3125000000000000E-01  0.9062500000000000E+00
  0.3125000000000000E-01  0.9375000000000000E+00  0.2812500000000000E+00  0.8125000000000000E+00  0.2500000000000000E+00  0.7812500000000000E+00
  0.1875000000000000E+00  0.8437500000000000E+00  0.1562500000000000E+00  0.8437500000000000E+00  0.1562500000000000E+00  0.9687500000000000E+00
  0.1250000000000000E+00  0.9687500000000000E+00  0.1562500000000000E+00  0.9375000000000000E+00  0.5312500000000000E+00  0.8750000000000000E+00
  0.5312500000000000E+00  0.8437500000000000E+00  0.5625000000000000E+00  0.8437500000000000E+00  0.4375000000000000E+00  0.8437500000000000E+00
  0.4062500000000000E+00  0.8437500000000000E+00  0.4062500000000000E+00  0.9687500000000000E+00  0.3750000000000000E+00  0.9687500000000000E+00
  0.4062500000000000E+00  0.9375000000000000E+00  0.6562500000000000E+00  0.8125000000000000E+00  0.6562500000000000E+00  0.8437500000000000E+00
  0.6562500000000000E+00  0.7500000000000000E+00  0.6562500000000000E+00  0.7187500000000000E+00  0.6875000000000000E+00  0.7187500000000000E+00
  0.7812500000000000E+00  0.6250000000000000E+00  0.7812500000000000E+00  0.5937500000000000E+00  0.8125000000000000E+00  0.5937500000000000E+00
  0.6875000000000000E+00  0.5937500000000000E+00  0.6562500000000000E+00  0.6250000000000000E+00  0.7812500000000000E+00  0.8750000000000000E+00
  0.7812500000000000E+00  0.8437500000000000E+00  0.8125000000000000E+00  0.8437500000000000E+00  0.6875000000000000E+00  0.8437500000000000E+00
  0.6562500000000000E+00  0.9687500000000000E+00  0.6250000000000000E+00  0.9687500000000000E+00  0.6562500000000000E+00  0.9375000000000000E+00
  0.8437500000000000E+00  0.6250000000000000E-01  0.8437500000000000E+00  0.9375000000000000E-01  0.9375000000000000E+00  0.9375000000000000E-01
  0.9062500000000000E+00  0.3125000000000000E+00  0.9062500000000000E+00  0.3437500000000000E+00  0.9062500000000000E+00  0.2187500000000000E+00
  0.8750000000000000E+00  0.2187500000000000E+00  0.9062500000000000E+00  0.1875000000000000E+00  0.9375000000000000E+00  0.3437500000000000E+00
  0.9062500000000000E+00  0.5625000000000000E+00  0.9062500000000000E+00  0.5937500000000000E+00  0.9062500000000000E+00  0.4687500000000000E+00
  0.8750000000000000E+00  0.4687500000000000E+00  0.9062500000000000E+00  0.4375000000000000E+00  0.9375000000000000E+00  0.5937500000000000E+00
  0.9062500000000000E+00  0.8125000000000000E+00  0.9062500000000000E+00  0.8437500000000000E+00  0.9062500000000000E+00  0.7187500000000000E+00
  0.8750000000000000E+00  0.7187500000000000E+00  0.9062500000000000E+00  0.6875000000000000E+00  0.9375000000000000E+00  0.8437500000000000E+00
  0.9062500000000000E+00  0.9687500000000000E+00  0.8750000000000000E+00  0.9687500000000000E+00  0.9062500000000000E+00  0.9375000000000000E+00
  0.1562500000000000E+00  0.4687500000000000E+00  0.1875000000000000E+00  0.4687500000000000E+00  0.1562500000000000E+00  0.5000000000000000E+00
  0.2187500000000000E+00  0.4687500000000000E+00  0.2187500000000000E+00  0.4375000000000000E+00  0.1562500000000000E+00  0.2812500000000000E+00
  0.1562500000000000E+00  0.3125000000000000E+00  0.1875000000000000E+00  0.3437500000000000E+00  0.3437500000000000E+00  0.2812500000000000E+00
  0.3125000000000000E+00  0.2812500000000000E+00  0.3437500000000000E+00  0.2500000000000000E+00  0.2812500000000000E+00  0.3125000000000000E+00
  0.3437500000000000E+00  0.4687500000000000E+00  0.3437500000000000E+00  0.4375000000000000E+00  0.3750000000000000E+00  0.4687500000000000E+00
  0.3125000000000000E+00  0.4062500000000000E+00  0.2812500000000000E+00  0.4062500000000000E+00  0.3125000000000000E-01  0.4062500000000000E+00
  0.3125000000000000E-01  0.4375000000000000E+00  0.0000000000000000E+00  0.4062500000000000E+00  0.3125000000000000E-01  0.4687500000000000E+00
  0.6250000000000000E-01  0.4687500000000000E+00  0.2187500000000000E+00  0.5937500000000000E+00  0.2187500000000000E+00  0.5625000000000000E+00
  0.1875000000000000E+00  0.5312500000000000E+00  0.3125000000000000E-01  0.5937500000000000E+00  0.6250000000000000E-01  0.5937500000000000E+00
  0.9375000000000000E-01  0.5625000000000000E+00  0.9375000000000000E-01  0.5312500000000000E+00  0.6250000000000000E-01  0.2812500000000000E+00
  0.9375000000000000E-01  0.2500000000000000E+00  0.3125000000000000E-01  0.2812500000000000E+00  0.3125000000000000E-01  0.3125000000000000E+00
  0.0000000000000000E+00  0.2812500000000000E+00  0.3125000000000000E-01  0.1562500000000000E+00  0.3125000000000000E-01  0.1875000000000000E+00
  0.0000000000000000E+00  0.1562500000000000E+00  0.6250000000000000E-01  0.2187500000000000E+00  0.2187500000000000E+00  0.1562500000000000E+00
  0.1875000000000000E+00  0.1562500000000000E+00  0.1562500000000000E+00  0.1875000000000000E+00  0.1562500000000000E+00  0.2187500000000000E+00
  0.4687500000000000E+00  0.4062500000000000E+00  0.4375000000000000E+00  0.4062500000000000E+00  0.4062500000000000E+00  0.4375000000000000E+00
  0.4687500000000000E+00  0.5937500000000000E+00  0.4687500000000000E+00  0.5625000000000000E+00  0.5000000000000000E+00  0.5937500000000000E+00
  0.4375000000000000E+00  0.5312500000000000E+00  0.3125000000000000E+00  0.5937500000000000E+00  0.2812500000000000E+00  0.6250000000000000E+00
  0.3437500000000000E+00  0.5625000000000000E+00  0.3437500000000000E+00  0.5312500000000000E+00  0.4687500000000000E+00  0.3125000000000000E+00
  0.5000000000000000E+00  0.3437500000000000E+00  0.4687500000000000E+00  0.2812500000000000E+00  0.4375000000000000E+00  0.2812500000000000E+00
  0.2812500000000000E+00  0.1875000000000000E+00  0.2812500000000000E+00  0.2187500000000000E+00  0.3125000000000000E+00  0.2187500000000000E+00
  0.4687500000000000E+00  0.1562500000000000E+00  0.4375000000000000E+00  0.1562500000000000E+00  0.4062500000000000E+00  0.1875000000000000E+00
  0.4062500000000000E+00  0.2187500000000000E+00  0.5937500000000000E+00  0.2812500000000000E+00  0.5625000000000000E+00  0.2812500000000000E+00
  0.5312500000000000E+00  0.3125000000000000E+00  0.5937500000000000E+00  0.4687500000000000E+00  0.5937500000000000E+00  0.4375000000000000E+00
  0.5625000000000000E+00  0.4062500000000000E+00  0.5312500000000000E+00  0.4062500000000000E+00  0.3437500000000000E+00  0.7187500000000000E+00
  0.3437500000000000E+00  0.6875000000000000E+00  0.3125000000000000E+00  0.6562500000000000E+00  0.1562500000000000E+00  0.7187500000000000E+00
  0.1875000000000000E+00  0.7187500000000000E+00  0.1562500000000000E+00  0.7500000000000000E+00  0.2187500000000000E+00  0.6875000000000000E+00
  0.2187500000000000E+00  0.6562500000000000E+00  0.4375000000000000E+00  0.7187500000000000E+00  0.4062500000000000E+00  0.7500000000000000E+00
  0.4687500000000000E+00  0.7187500000000000E+00  0.4687500000000000E+00  0.6875000000000000E+00  0.5625000000000000E+00  0.5312500000000000E+00
  0.5312500000000000E+00  0.5312500000000000E+00  0.5312500000000000E+00  0.5625000000000000E+00  0.5937500000000000E+00  0.7187500000000000E+00
  0.5937500000000000E+00  0.6875000000000000E+00  0.6250000000000000E+00  0.7187500000000000E+00  0.5625000000000000E+00  0.6562500000000000E+00
  0.5312500000000000E+00  0.6562500000000000E+00  0.4687500000000000E+00  0.8437500000000000E+00  0.4687500000000000E+00  0.8125000000000000E+00
  0.5000000000000000E+00  0.8437500000000000E+00  0.4375000000000000E+00  0.7812500000000000E+00  0.2812500000000000E+00  0.8437500000000000E+00
  0.3125000000000000E+00  0.8437500000000000E+00  0.2812500000000000E+00  0.8750000000000000E+00  0.3437500000000000E+00  0.8125000000000000E+00
  0.3437500000000000E+00  0.7812500000000000E+00  0.3125000000000000E-01  0.6875000000000000E+00  0.0000000000000000E+00  0.6562500000000000E+00
  0.3125000000000000E-01  0.7187500000000000E+00  0.6250000000000000E-01  0.7187500000000000E+00  0.2187500000000000E+00  0.8125000000000000E+00
  0.2187500000000000E+00  0.7812500000000000E+00  0.1875000000000000E+00  0.7812500000000000E+00  0.3125000000000000E-01  0.8437500000000000E+00
  0.6250000000000000E-01  0.8437500000000000E+00  0.3125000000000000E-01  0.8750000000000000E+00  0.9375000000000000E-01  0.8125000000000000E+00
  0.9375000000000000E-01  0.7812500000000000E+00  0.9375000000000000E-01  0.3125000000000000E-01  0.6250000000000000E-01  0.3125000000000000E-01
  0.9375000000000000E-01  0.0000000000000000E+00  0.3125000000000000E-01  0.3125000000000000E-01  0.3125000000000000E-01  0.6250000000000000E-01
  0.0000000000000000E+00  0.3125000000000000E-01  0.2187500000000000E+00  0.6250000000000000E-01  0.2500000000000000E+00  0.9375000000000000E-01
  0.2187500000000000E+00  0.3125000000000000E-01  0.1875000000000000E+00  0.3125000000000000E-01  0.2187500000000000E+00  0.0000000000000000E+00
  0.3437500000000000E+00  0.3125000000000000E-01  0.3125000000000000E+00  0.3125000000000000E-01  0.3437500000000000E+00  0.0000000000000000E+00
  0.2812500000000000E+00  0.6250000000000000E-01  0.2812500000000000E+00  0.9375000000000000E-01  0.4687500000000000E+00  0.6250000000000000E-01
  0.5000000000000000E+00  0.9375000000000000E-01  0.4687500000000000E+00  0.3125000000000000E-01  0.4375000000000000E+00  0.3125000000000000E-01
  0.4687500000000000E+00  0.0000000000000000E+00  0.5937500000000000E+00  0.3125000000000000E-01  0.5625000000000000E+00  0.3125000000000000E-01
  0.5937500000000000E+00  0.0000000000000000E+00  0.5312500000000000E+00  0.6250000000000000E-01  0.5937500000000000E+00  0.1875000000000000E+00
  0.6250000000000000E+00  0.2187500000000000E+00  0.5625000000000000E+00  0.1562500000000000E+00  0.5312500000000000E+00  0.1562500000000000E+00
  0.7187500000000000E+00  0.1562500000000000E+00  0.6875000000000000E+00  0.1562500000000000E+00  0.6562500000000000E+00  0.1875000000000000E+00
  0.7187500000000000E+00  0.3437500000000000E+00  0.7187500000000000E+00  0.3125000000000000E+00  0.7500000000000000E+00  0.3437500000000000E+00
  0.6875000000000000E+00  0.2812500000000000E+00  0.6562500000000000E+00  0.2812500000000000E+00  0.7187500000000000E+00  0.6250000000000000E-01
  0.7500000000000000E+00  0.9375000000000000E-01  0.7187500000000000E+00  0.3125000000000000E-01  0.6875000000000000E+00  0.3125000000000000E-01
  0.7187500000000000E+00  0.0000000000000000E+00  0.8437500000000000E+00  0.3125000000000000E-01  0.8125000000000000E+00  0.3125000000000000E-01
  0.8437500000000000E+00  0.0000000000000000E+00  0.7812500000000000E+00  0.6250000000000000E-01  0.8437500000000000E+00  0.2187500000000000E+00
  0.8437500000000000E+00  0.1875000000000000E+00  0.8125000000000000E+00  0.1562500000000000E+00  0.7812500000000000E+00  0.1562500000000000E+00
  0.6875000000000000E+00  0.4687500000000000E+00  0.6562500000000000E+00  0.5000000000000000E+00  0.7187500000000000E+00  0.4687500000000000E+00
  0.7187500000000000E+00  0.4375000000000000E+00  0.8125000000000000E+00  0.2812500000000000E+00  0.7812500000000000E+00  0.2812500000000000E+00
  0.7812500000000000E+00  0.3125000000000000E+00  0.8437500000000000E+00  0.4687500000000000E+00  0.8437500000000000E+00  0.4375000000000000E+00
  0.8125000000000000E+00  0.4062500000000000E+00  0.7812500000000000E+00  0.4062500000000000E+00  0.7187500000000000E+00  0.5937500000000000E+00
  0.7187500000000000E+00  0.5625000000000000E+00  0.7500000000000000E+00  0.5937500000000000E+00  0.6875000000000000E+00  0.5312500000000000E+00
  0.6562500000000000E+00  0.5312500000000000E+00  0.9375000000000000E-01  0.9687500000000000E+00  0.9375000000000000E-01  0.9375000000000000E+00
  0.6250000000000000E-01  0.9062500000000000E+00  0.1875000000000000E+00  0.9687500000000000E+00  0.1562500000000000E+00  0.1000000000000000E+01
  0.2187500000000000E+00  0.9687500000000000E+00  0.2187500000000000E+00  0.9375000000000000E+00  0.3437500000000000E+00  0.9687500000000000E+00
  0.3437500000000000E+00  0.9375000000000000E+00  0.3125000000000000E+00  0.9062500000000000E+00  0.2812500000000000E+00  0.9062500000000000E+00
  0.4375000000000000E+00  0.9687500000000000E+00  0.4062500000000000E+00  0.1000000000000000E+01  0.4687500000000000E+00  0.9687500000000000E+00
  0.4687500000000000E+00  0.9375000000000000E+00  0.5625000000000000E+00  0.7812500000000000E+00  0.5312500000000000E+00  0.7812500000000000E+00
  0.5312500000000000E+00  0.8125000000000000E+00  0.5937500000000000E+00  0.9687500000000000E+00  0.5937500000000000E+00  0.9375000000000000E+00
  0.5625000000000000E+00  0.9062500000000000E+00  0.5312500000000000E+00  0.9062500000000000E+00  0.6875000000000000E+00  0.6562500000000000E+00
  0.6562500000000000E+00  0.6562500000000000E+00  0.6562500000000000E+00  0.6875000000000000E+00  0.7187500000000000E+00  0.8437500000000000E+00
  0.7187500000000000E+00  0.8125000000000000E+00  0.7500000000000000E+00  0.8437500000000000E+00  0.6875000000000000E+00  0.7812500000000000E+00
  0.6562500000000000E+00  0.7812500000000000E+00  0.8125000000000000E+00  0.5312500000000000E+00  0.7812500000000000E+00  0.5312500000000000E+00
  0.7812500000000000E+00  0.5625000000000000E+00  0.8437500000000000E+00  0.7187500000000000E+00  0.8437500000000000E+00  0.6875000000000000E+00
  0.8125000000000000E+00  0.6562500000000000E+00  0.7812500000000000E+00  0.6562500000000000E+00  0.6875000000000000E+00  0.9687500000000000E+00
  0.6562500000000000E+00  0.1000000000000000E+01  0.7187500000000000E+00  0.9687500000000000E+00  0.7187500000000000E+00  0.9375000000000000E+00
  0.8125000000000000E+00  0.7812500000000000E+00  0.7812500000000000E+00  0.7812500000000000E+00  0.7812500000000000E+00  0.8125000000000000E+00
  0.8437500000000000E+00  0.9687500000000000E+00  0.8437500000000000E+00  0.9375000000000000E+00  0.8125000000000000E+00  0.9062500000000000E+00
  0.7812500000000000E+00  0.9062500000000000E+00  0.9687500000000000E+00  0.9375000000000000E-01  0.9687500000000000E+00  0.6250000000000000E-01
  0.1000000000000000E+01  0.9375000000000000E-01  0.9687500000000000E+00  0.3125000000000000E-01  0.9375000000000000E+00  0.3125000000000000E-01
  0.9687500000000000E+00  0.0000000000000000E+00  0.9375000000000000E+00  0.2187500000000000E+00  0.9062500000000000E+00  0.2500000000000000E+00
  0.9687500000000000E+00  0.2187500000000000E+00  0.9687500000000000E+00  0.1875000000000000E+00  0.1000000000000000E+01  0.2187500000000000E+00
  0.9687500000000000E+00  0.3437500000000000E+00  0.9687500000000000E+00  0.3125000000000000E+00  0.1000000000000000E+01  0.3437500000000000E+00
  0.9375000000000000E+00  0.2812500000000000E+00  0.9062500000000000E+00  0.2812500000000000E+00  0.9375000000000000E+00  0.4687500000000000E+00
  0.9062500000000000E+00  0.5000000000000000E+00  0.9687500000000000E+00  0.4687500000000000E+00  0.9687500000000000E+00  0.4375000000000000E+00
  0.1000000000000000E+01  0.4687500000000000E+00  0.9687500000000000E+00  0.5937500000000000E+00  0.9687500000000000E+00  0.5625000000000000E+00
  0.1000000000000000E+01  0.5937500000000000E+00  0.9375000000000000E+00  0.5312500000000000E+00  0.9062500000000000E+00  0.5312500000000000E+00
  0.9375000000000000E+00  0.7187500000000000E+00  0.9062500000000000E+00  0.7500000000000000E+00  0.9687500000000000E+00  0.7187500000000000E+00
  0.9687500000000000E+00  0.6875000000000000E+00  0.1000000000000000E+01  0.7187500000000000E+00  0.9687500000000000E+00  0.8437500000000000E+00
  0.9687500000000000E+00  0.8125000000000000E+00  0.1000000000000000E+01  0.8437500000000000E+00  0.9375000000000000E+00  0.7812500000000000E+00
  0.9062500000000000E+00  0.7812500000000000E+00  0.9375000000000000E+00  0.9687500000000000E+00  0.9062500000000000E+00  0.1000000000000000E+01
  0.9687500000000000E+00  0.9687500000000000E+00  0.9687500000000000E+00  0.9375000000000000E+00  0.1000000000000000E+01  0.9687500000000000E+00
  0.1562500000000000E+00  0.3750000000000000E+00  0.1562500000000000E+00  0.3437500000000000E+00  0.2500000000000000E+00  0.4062500000000000E+00
  0.2187500000000000E+00  0.5000000000000000E+00  0.2187500000000000E+00  0.5312500000000000E+00  0.1250000000000000E+00  0.4687500000000000E+00
  0.9375000000000000E-01  0.4687500000000000E+00  0.2500000000000000E+00  0.2812500000000000E+00  0.2812500000000000E+00  0.2812500000000000E+00
  0.1250000000000000E+00  0.3437500000000000E+00  0.1562500000000000E+00  0.2500000000000000E+00  0.3437500000000000E+00  0.3750000000000000E+00
  0.3437500000000000E+00  0.4062500000000000E+00  0.2812500000000000E+00  0.2500000000000000E+00  0.3750000000000000E+00  0.2812500000000000E+00
  0.4062500000000000E+00  0.2812500000000000E+00  0.3750000000000000E+00  0.4062500000000000E+00  0.4062500000000000E+00  0.4062500000000000E+00
  0.3437500000000000E+00  0.5000000000000000E+00  0.9375000000000000E-01  0.5000000000000000E+00  0.0000000000000000E+00  0.4687500000000000E+00
  0.3125000000000000E-01  0.3750000000000000E+00  0.3125000000000000E-01  0.3437500000000000E+00  0.1250000000000000E+00  0.5937500000000000E+00
  0.9375000000000000E-01  0.5937500000000000E+00  0.2500000000000000E+00  0.5312500000000000E+00  0.2187500000000000E+00  0.6250000000000000E+00
  0.9375000000000000E-01  0.6250000000000000E+00  0.0000000000000000E+00  0.5937500000000000E+00  0.0000000000000000E+00  0.3437500000000000E+00
  0.3125000000000000E-01  0.2500000000000000E+00  0.3125000000000000E-01  0.2187500000000000E+00  0.1250000000000000E+00  0.1562500000000000E+00
  0.1562500000000000E+00  0.1562500000000000E+00  0.0000000000000000E+00  0.2187500000000000E+00  0.3125000000000000E-01  0.1250000000000000E+00
  0.3125000000000000E-01  0.9375000000000000E-01  0.1562500000000000E+00  0.1250000000000000E+00  0.2500000000000000E+00  0.1562500000000000E+00
  0.2812500000000000E+00  0.1562500000000000E+00  0.4687500000000000E+00  0.5000000000000000E+00  0.4687500000000000E+00  0.5312500000000000E+00
  0.4062500000000000E+00  0.3750000000000000E+00  0.5000000000000000E+00  0.4062500000000000E+00  0.3750000000000000E+00  0.5937500000000000E+00
  0.3437500000000000E+00  0.5937500000000000E+00  0.5000000000000000E+00  0.5312500000000000E+00  0.4687500000000000E+00  0.6250000000000000E+00
  0.4687500000000000E+00  0.6562500000000000E+00  0.3437500000000000E+00  0.6250000000000000E+00  0.3437500000000000E+00  0.6562500000000000E+00
  0.4062500000000000E+00  0.2500000000000000E+00  0.5000000000000000E+00  0.2812500000000000E+00  0.5312500000000000E+00  0.2812500000000000E+00
  0.3750000000000000E+00  0.1562500000000000E+00  0.4062500000000000E+00  0.1562500000000000E+00  0.2812500000000000E+00  0.1250000000000000E+00
  0.4062500000000000E+00  0.1250000000000000E+00  0.5000000000000000E+00  0.1562500000000000E+00  0.5937500000000000E+00  0.3750000000000000E+00
  0.5937500000000000E+00  0.4062500000000000E+00  0.5312500000000000E+00  0.2500000000000000E+00  0.6250000000000000E+00  0.2812500000000000E+00
  0.6250000000000000E+00  0.4062500000000000E+00  0.5937500000000000E+00  0.5000000000000000E+00  0.5937500000000000E+00  0.5312500000000000E+00
  0.2500000000000000E+00  0.7187500000000000E+00  0.2187500000000000E+00  0.7187500000000000E+00  0.3750000000000000E+00  0.6562500000000000E+00
  0.3437500000000000E+00  0.7500000000000000E+00  0.2187500000000000E+00  0.7500000000000000E+00  0.1250000000000000E+00  0.7187500000000000E+00
  0.9375000000000000E-01  0.7187500000000000E+00  0.5000000000000000E+00  0.6562500000000000E+00  0.4687500000000000E+00  0.7500000000000000E+00
  0.4687500000000000E+00  0.7812500000000000E+00  0.5937500000000000E+00  0.6250000000000000E+00  0.5937500000000000E+00  0.6562500000000000E+00
  0.6250000000000000E+00  0.5312500000000000E+00  0.6250000000000000E+00  0.6562500000000000E+00  0.5937500000000000E+00  0.7500000000000000E+00
  0.5937500000000000E+00  0.7812500000000000E+00  0.3750000000000000E+00  0.8437500000000000E+00  0.3437500000000000E+00  0.8437500000000000E+00
  0.5000000000000000E+00  0.7812500000000000E+00  0.4687500000000000E+00  0.8750000000000000E+00  0.4687500000000000E+00  0.9062500000000000E+00
  0.3437500000000000E+00  0.8750000000000000E+00  0.3437500000000000E+00  0.9062500000000000E+00  0.2500000000000000E+00  0.8437500000000000E+00
  0.2187500000000000E+00  0.8437500000000000E+00  0.9375000000000000E-01  0.7500000000000000E+00  0.0000000000000000E+00  0.7187500000000000E+00
  0.1250000000000000E+00  0.8437500000000000E+00  0.9375000000000000E-01  0.8437500000000000E+00  0.2187500000000000E+00  0.8750000000000000E+00
  0.2187500000000000E+00  0.9062500000000000E+00  0.9375000000000000E-01  0.8750000000000000E+00  0.9375000000000000E-01  0.9062500000000000E+00
  0.0000000000000000E+00  0.8437500000000000E+00  0.0000000000000000E+00  0.9375000000000000E-01  0.3125000000000000E-01  0.0000000000000000E+00
  0.1250000000000000E+00  0.3125000000000000E-01  0.1562500000000000E+00  0.3125000000000000E-01  0.1562500000000000E+00  0.0000000000000000E+00
  0.2500000000000000E+00  0.3125000000000000E-01  0.2812500000000000E+00  0.3125000000000000E-01  0.2812500000000000E+00  0.0000000000000000E+00
  0.3750000000000000E+00  0.3125000000000000E-01  0.4062500000000000E+00  0.3125000000000000E-01  0.4062500000000000E+00  0.0000000000000000E+00
  0.5000000000000000E+00  0.3125000000000000E-01  0.5312500000000000E+00  0.3125000000000000E-01  0.5937500000000000E+00  0.1250000000000000E+00
  0.5937500000000000E+00  0.1562500000000000E+00  0.5312500000000000E+00  0.0000000000000000E+00  0.6250000000000000E+00  0.3125000000000000E-01
  0.6562500000000000E+00  0.3125000000000000E-01  0.6250000000000000E+00  0.1562500000000000E+00  0.6562500000000000E+00  0.1562500000000000E+00
  0.7187500000000000E+00  0.2500000000000000E+00  0.7187500000000000E+00  0.2812500000000000E+00  0.6562500000000000E+00  0.1250000000000000E+00
  0.7500000000000000E+00  0.1562500000000000E+00  0.7500000000000000E+00  0.2812500000000000E+00  0.7187500000000000E+00  0.3750000000000000E+00
  0.7187500000000000E+00  0.4062500000000000E+00  0.6562500000000000E+00  0.0000000000000000E+00  0.7500000000000000E+00  0.3125000000000000E-01
  0.7812500000000000E+00  0.3125000000000000E-01  0.8437500000000000E+00  0.1250000000000000E+00  0.8437500000000000E+00  0.1562500000000000E+00
  0.7812500000000000E+00  0.0000000000000000E+00  0.8750000000000000E+00  0.3125000000000000E-01  0.9062500000000000E+00  0.3125000000000000E-01
  0.8750000000000000E+00  0.1562500000000000E+00  0.8437500000000000E+00  0.2500000000000000E+00  0.8437500000000000E+00  0.2812500000000000E+00
  0.7500000000000000E+00  0.4062500000000000E+00  0.7187500000000000E+00  0.5000000000000000E+00  0.7187500000000000E+00  0.5312500000000000E+00
  0.8437500000000000E+00  0.3750000000000000E+00  0.8437500000000000E+00  0.4062500000000000E+00  0.8750000000000000E+00  0.2812500000000000E+00
  0.8750000000000000E+00  0.4062500000000000E+00  0.8437500000000000E+00  0.5000000000000000E+00  0.8437500000000000E+00  0.5312500000000000E+00
  0.7500000000000000E+00  0.5312500000000000E+00  0.7187500000000000E+00  0.6250000000000000E+00  0.7187500000000000E+00  0.6562500000000000E+00
  0.0000000000000000E+00  0.9687500000000000E+00  0.1250000000000000E+00  0.9062500000000000E+00  0.9375000000000000E-01  0.1000000000000000E+01
  0.2500000000000000E+00  0.9062500000000000E+00  0.2187500000000000E+00  0.1000000000000000E+01  0.3750000000000000E+00  0.9062500000000000E+00
  0.3437500000000000E+00  0.1000000000000000E+01  0.5000000000000000E+00  0.9062500000000000E+00  0.4687500000000000E+00  0.1000000000000000E+01
  0.5937500000000000E+00  0.8750000000000000E+00  0.5937500000000000E+00  0.9062500000000000E+00  0.6250000000000000E+00  0.7812500000000000E+00
  0.6250000000000000E+00  0.9062500000000000E+00  0.5937500000000000E+00  0.1000000000000000E+01  0.7187500000000000E+00  0.7500000000000000E+00
  0.7187500000000000E+00  0.7812500000000000E+00  0.7500000000000000E+00  0.6562500000000000E+00  0.7500000000000000E+00  0.7812500000000000E+00
  0.7187500000000000E+00  0.8750000000000000E+00  0.7187500000000000E+00  0.9062500000000000E+00  0.8437500000000000E+00  0.6250000000000000E+00
  0.8437500000000000E+00  0.6562500000000000E+00  0.8750000000000000E+00  0.5312500000000000E+00  0.8750000000000000E+00  0.6562500000000000E+00
  0.8437500000000000E+00  0.7500000000000000E+00  0.8437500000000000E+00  0.7812500000000000E+00  0.7500000000000000E+00  0.9062500000000000E+00
  0.7187500000000000E+00  0.1000000000000000E+01  0.8437500000000000E+00  0.8750000000000000E+00  0.8437500000000000E+00  0.9062500000000000E+00
  0.8750000000000000E+00  0.7812500000000000E+00  0.8750000000000000E+00  0.9062500000000000E+00  0.8437500000000000E+00  0.1000000000000000E+01
  0.9062500000000000E+00  0.0000000000000000E+00  0.1000000000000000E+01  0.3125000000000000E-01  0.9687500000000000E+00  0.1250000000000000E+00
  0.9687500000000000E+00  0.1562500000000000E+00  0.1000000000000000E+01  0.1562500000000000E+00  0.9687500000000000E+00  0.2500000000000000E+00
  0.9687500000000000E+00  0.2812500000000000E+00  0.1000000000000000E+01  0.2812500000000000E+00  0.9687500000000000E+00  0.3750000000000000E+00
  0.9687500000000000E+00  0.4062500000000000E+00  0.1000000000000000E+01  0.4062500000000000E+00  0.9687500000000000E+00  0.5000000000000000E+00
  0.9687500000000000E+00  0.5312500000000000E+00  0.1000000000000000E+01  0.5312500000000000E+00  0.9687500000000000E+00  0.6250000000000000E+00
  0.9687500000000000E+00  0.6562500000000000E+00  0.1000000000000000E+01  0.6562500000000000E+00  0.9687500000000000E+00  0.7500000000000000E+00
  0.9687500000000000E+00  0.7812500000000000E+00  0.1000000000000000E+01  0.7812500000000000E+00  0.9687500000000000E+00  0.8750000000000000E+00
  0.9687500000000000E+00  0.9062500000000000E+00  0.1000000000000000E+01  0.9062500000000000E+00  0.9687500000000000E+00  0.1000000000000000E+01
     2     2     2     2     8     4     4     4     4     8
     8     8     8     8     4     4     8     4     8     4
     4     4     8     4     4     8     8     8     8     8
     8     8     8     8     8     8     8     8     8     8
     8     8     8     4     8     8     8     8     8     8
     8     8     4     4     4     8     4     8     8     4
     8     8     8     4     8     4     8     4     8     8
     8     4     4     4     8     4     8     4     8     4
     4     8     8     8     8     8     8     8     8     8
     8     8     8     8     8     8     8     8     8     8
     8     8     8     8     8     8     8     8     8     8
     8     8     8     8     8     8     8     8     8     8
     8     8     8     8     8     8     8     8     8     8
     8     8     8     8     8     8     8     8     8     8
     8     8     8     8     8     4     4     4     4     4
     4     4     4     4     4     4     4     4     2     4
     4     4     4     4     2     2     4     4     2     4
     4     4     4     4     4     4     4     4     4     4
     4     4     4     4     4     4     4     4     4     4
     4     4     4     4     4     4     4     4     4     4
     4     4     4     4     4     4     4     2     4     4
     4     2     2     2     4     2     4     2     4     2
     4     4     2     4     4     4     4     4     4     4
     2     4     4     2     4     4     4     4     4     4
     4     4     4     4     4     2     4     2     4     2
     4     2     4     2     4     4     4     2     4     4
     4     4     4     4     4     4     4     2     4     4
     4     2     2     2     4     2     4     2     4     2
     4     2     4     2     4     2     4     2     2     6
     6     6     6     6     6     3     6     6     3     6
     6     6     6     6     6     6     6     6     6     6
     6     6     6     6     6     6     6     6     6     6
     6     6     6     6     6     6     6     6     6     3
     6     6     6     6     6     6     6     6     6     6
     6     6     6     6     6     6     6     6     6     3
     6     6     6     6     6     6     6     6     6     6
     6     6     6     6     6     6     6     6     6     6
     6     6     6     6     6     6     6     6     6     6
     6     6     6     6     6     6     6     6     6     6
     6     6     6     6     6     6     6     6     6     6
     6     6     6     6     6     6     6     6     6     6
     6     6     6     6     6     6     6     6     6     6
     6     6     6     6     3     6     6     6     6     6
     6     6     6     6     6     6     6     6     6     6
     6     6     6     6     6     6     6     6     6     6
     6     6     6     6     6     6     6     3     6     6
     6     6     6     6     6     6     6     6     6     6
     6     6     6     6     6     6     6     6     6     6
     6     6     6     6     6     6     6     6     6     6
     6     6     6     6     6     6     6     6     6     6
     6     6     6     6     6     6     6     6     6     6
     6     6     6     6     6     6     6     6     6     6
     6     6     6     6     6     6     6     6     6     6
     6     6     6     6     6     6     6     6     6     6
     6     6     6     6     6     6     6     6     6     6
     6     6     6     6     6     6     3     6     6     6
     6     6     6     6     6     6     6     6     6     6
     6     6     6     6     6     6     6     6     6     6
     6     6     6     6     6     6     6     6     6     6
     6     6     6     6     6     6     6     6     6     6
     6     6     6     6     6     6     6     6     6     6
     6     6     6     6     6     6     6     6     6     6
     6     6     6     6     6     6     6     6     6     6
     6     6     6     6     3     6     6     6     6     6
     6     6     6     6     6     6     6     6     3     6
     6     3     6     6     6     6     6     6     6     6
     6     6     6     6     6     6     6     6     6     6
     6     6     6     6     6     6     6     6     6     6
     6     6     6     6     6     6     6     6     6     6
     6     6     6     6     6     6     6     6     6     6
     6     6     6     6     6     6     6     6     6     6
     6     6     6     6     6     6     3     6     6     6
     6     6     6     6     6     6     6     6     6     3
     6     6     3     6     6     6     6     3     6     6
     3     6     6     6     6     6     6     3     6     6
     3     6     6     6     6     6     6     6     6     6
     6     6     6     6     6     6     6     6     3     6
     6     3     6     6     6     6     6     6     6     6
     6     6     6     6     6     6     6     6     6     6
     6     6     6     6     6     6     6     3     6     6
     6     6     6     6     6     3     6     6     6     6
     6     6     6     6     6     6     6     6     6     6
     6     6     6     6     6     6     6     6     6     6
     6     3     6     6     6     6     6     6     6     6
     6     6     6     3     6     6     3     6     6     6
     6     3     6     6     3     6     6     6     6     6
     6     3     6     6     3     6     6     6     6     6
     6     3     6     6     3     6     6     6     3     6
     6     3     6     6     6     6     6     6     6     6
     6     6     6     6     6     6     6     6     6     6
     6     6     3     6     6     6     6     6     6     6
     3     3     6     6     6     6     3     6     6     6
     6     6     6     6     6     6     6     6     6     6
     6     6     6     6     6     6     6     6     6     6
     6     6     6     6     6     6     6     6     6     6
     6     6     6     6     6     6     6     6     6     6
     6     6     6     6     6     6     6     6     6     6
     6     6     6     6     3     6     6     6     6     6
     6     3     3     3     6     6     3     6     6     3
     6     6     3     6     6     6     6     3     6     6
     6     6     6     6     6     6     6     6     6     3
     6     6     6     6     3     6     6     6     6     6
     6     6     6     6     6     6     6     6     6     6
     6     6     3     6     3     6     3     6     3     6
     3     6     6     6     6     3     6     6     6     6
     6     6     6     6     6     6     6     6     6     3
     6     6     6     6     3     3     3     6     6     3
     6     6     3     6     6     3     6     6     3     6
     6     3     6     6     3     6     6     3     3
   260   292   291    13   290   292   131   291   290   290
   291   292   146   295   294    42   293   295    82   294
   293   293   294   295   125   298   297   248   296   298
     4   297   296   296   297   298    88   301   300   165
   299   301     6   300   299   299   300   301     5   304
   303    92   302   304   175   303   302   302   303   304
   175   306   303    99   305   306     5   303   305   305
   303   306     5   305   308    99   307   305   190   308
   307   307   308   305   253   311   310   130   309   311
     9   310   309   309   310   311   183   314   313    31
   312   314    96   313   312   312   313   314   152   317
   316    91   315   317    10   316   315   315   316   317
   193   320   319   106   318   320    11   319   318   318
   319   320     6   322   300   158   321   322    88   300
   321   321   300   322   241   325   324    39   323   325
   122   324   323   323   324   325   228   328   327   120
   326   328    12   327   326   326   327   328   258   330
   329     9   309   330   130   329   309   309   329   330
   270   333   332    41   331   333   136   332   331   331
   332   333    94   336   335    49   334   336   162   335
   334   334   335   336    85   339   338   157   337   339
    14   338   337   337   338   339    10   341   316    83
   340   341   152   316   340   340   316   341    10   315
   343    91   342   315   172   343   342   342   343   315
   115   346   345    59   344   346   187   345   344   344
   345   346   180   349   348    97   347   349    17   348
   347   347   348   349   109   352   351   212   350   352
    18   351   350   350   351   352   104   355   354   201
   353   355    19   354   353   353   354   355    11   357
   319   100   356   357   193   319   356   356   319   357
   249   360   359   127   358   360    20   359   358   358
   359   360    12   362   327   116   361   362   228   327
   361   361   327   362    12   326   364   120   363   326
   237   364   363   363   364   326   134   366   365    13
   292   366   260   365   292   292   365   366   238   369
   368   123   367   369    23   368   367   367   368   369
    13   366   371   134   370   366   266   371   370   370
   371   366   267   374   373   137   372   374    25   373
   372   372   373   374   160   377   376    89   375   377
    26   376   375   375   376   377   149   380   379    86
   378   380    26   379   378   378   379   380   155   383
   382    95   381   383    27   382   381   381   382   383
    14   385   338   147   384   385    85   338   384   384
   338   385   178   388   387   102   386   388    28   387
   386   386   387   388    14   337   390   157   389   337
    94   390   389   389   390   337   195   393   392   107
   391   393    29   392   391   391   392   393    87   396
   395   163   394   396    29   395   394   394   395   396
   215   399   398   111   397   399    30   398   397   397
   398   399   170   402   401   110   400   402    30   401
   400   400   401   402   185   404   403    17   347   404
    97   403   347   347   403   404   219   407   406   113
   405   407    31   406   405   405   406   407   224   410
   409   118   408   410    32   409   408   408   409   410
    17   404   412   185   411   404   115   412   411   411
   412   404   230   415   414   121   413   415    33   414
   413   413   414   415    98   418   417   188   416   418
    33   417   416   416   417   418   210   421   420   126
   419   421    34   420   419   419   420   421    18   423
   351   207   422   423   109   351   422   422   351   423
   252   425   424    20   358   425   127   424   358   358
   424   425   204   428   427   128   426   428    35   427
   426   426   427   428   103   431   430   199   429   431
    36   430   429   429   430   431    19   433   354   196
   432   433   104   354   432   432   354   433   262   436
   435   135   434   436    37   435   434   434   435   436
   129   439   438   256   437   439    37   438   437   437
   438   439   275   442   441   139   440   442    38   441
   440   440   441   442   235   445   444   138   443   445
    38   444   443   443   444   445   243   447   446    23
   367   447   123   446   367   367   446   447   279   450
   449   141   448   450    39   449   448   448   449   450
   283   453   452   143   451   453    40   452   451   451
   452   453   133   456   455   264   454   456    40   455
   454   454   455   456   272   458   457    25   372   458
   137   457   372   372   457   458   287   461   460   145
   459   461    41   460   459   459   460   461    84   464
   463   153   462   464    42   463   462   462   463   464
    83   467   466   150   465   467    42   466   465   465
   466   467    87   470   469   161   468   470    43   469
   468   468   469   470    26   472   379    82   471   472
   149   379   471   471   379   472    26   378   376    86
   473   378   160   376   473   473   376   378    90   476
   475   168   474   476    45   475   474   474   475   476
   151   479   478    89   477   479    45   478   477   477
   478   479    93   482   481   176   480   482    46   481
   480   480   481   482    92   485   484   173   483   485
    46   484   483   483   484   485    96   488   487   182
   486   488    47   487   486   486   487   488    27   490
   382    84   489   490   155   382   489   489   382   490
    98   493   492   186   491   493    48   492   491   491
   492   493   174   496   495    95   494   496    48   495
   494   494   495   496   101   498   497    29   394   498
   163   497   394   394   497   498   100   501   500   191
   499   501    49   500   499   499   500   501   103   504
   503   198   502   504    50   503   502   502   503   504
    28   506   387    93   505   506   178   387   505   505
   387   506   105   509   508   202   507   509    51   508
   507   507   508   509   192   512   511   102   510   512
    51   511   510   510   511   512   108   515   514   209
   513   515    52   514   513   513   514   515    29   498
   392   101   516   498   195   392   516   516   392   498
   164   519   518   107   517   519    53   518   517   517
   518   519    30   521   401    90   520   521   170   401
   520   520   401   521    30   400   398   110   522   400
   215   398   522   522   398   400   112   524   523    31
   314   524   183   523   314   314   523   524   171   527
   526   111   525   527    56   526   525   525   526   527
    31   524   406   112   528   524   219   406   528   528
   406   524   114   531   530   222   529   531    58   530
   529   529   530   531   184   534   533   113   532   534
    58   533   532   532   533   534   117   536   535    33
   416   536   188   535   416   416   535   536   116   539
   538   226   537   539    59   538   537   537   538   539
    32   541   409   114   540   541   224   409   540   540
   409   541   119   544   543   233   542   544    61   543
   542   542   543   544   227   547   546   118   545   547
    61   546   545   545   546   547   122   550   549   240
   548   550    62   549   548   548   549   550    33   536
   414   117   551   536   230   414   551   551   414   536
   124   553   552    36   429   553   199   552   429   429
   552   553   189   556   555   121   554   556    63   555
   554   554   555   556   125   559   558   246   557   559
    64   558   557   557   558   559    11   318   561   106
   560   318   206   561   560   560   561   318    34   563
   420   108   562   563   210   420   562   562   420   563
   247   566   565   126   564   566    66   565   564   564
   565   566   129   569   568   255   567   569    67   568
   567   567   568   569    35   571   427   105   570   571
   204   427   570   570   427   571   251   574   573   128
   572   574    68   573   572   572   573   574   132   576
   575    37   437   576   256   575   437   437   575   576
   131   579   578   259   577   579    69   578   577   577
   578   579   133   582   581   263   580   582    70   581
   580   580   581   582    36   553   584   124   583   553
   245   584   583   583   584   553   136   587   586   269
   585   587    71   586   585   585   586   587    37   576
   435   132   588   576   262   435   588   588   435   576
   257   591   590   135   589   591    72   590   589   589
   590   591    38   593   444   119   592   593   235   444
   592   592   444   593    38   443   441   138   594   443
   275   441   594   594   441   443   140   596   595    39
   325   596   241   595   325   325   595   596   236   599
   598   139   597   599    75   598   597   597   598   599
    39   596   449   140   600   596   279   449   600   600
   449   596   142   602   601    40   454   602   264   601
   454   454   601   602   242   605   604   141   603   605
    77   604   603   603   604   605    40   602   452   142
   606   602   283   452   606   606   452   602   144   608
   607    41   333   608   270   607   333   333   607   608
   265   611   610   143   609   611    79   610   609   609
   610   611    41   608   460   144   612   608   287   460
   612   612   460   608   271   615   614   145   613   615
    81   614   613   613   614   615   148   618   617    43
   616   618    82   617   616   616   617   618   147   385
   620    14   619   385    82   620   619   619   620   385
   151   478   622    45   621   478    83   622   621   621
   622   478    42   295   466   146   623   295    83   466
   623   623   466   295   154   626   625    47   624   626
    84   625   624   624   625   626    42   465   463   150
   627   465    84   463   627   627   463   465   156   630
   629    46   628   630    85   629   628   628   629   630
    42   462   632   153   631   462    85   632   631   631
   632   462   159   635   634    44   633   635    86   634
   633   633   634   635   158   322   637     6   636   322
    86   637   636   636   637   322   162   334   639    49
   638   334    87   639   638   638   639   334    43   618
   469   148   640   618    87   469   640   640   469   618
   164   518   642    53   641   518    88   642   641   641
   642   518    43   468   644   161   643   468    88   644
   643   643   644   468   167   646   645    45   477   646
    89   645   477   477   645   646   166   649   648    15
   647   649    89   648   647   647   648   649   169   652
   651    54   650   652    90   651   650   650   651   652
    45   646   475   167   653   646    90   475   653   653
   475   646   171   526   655    56   654   526    91   655
   654   654   655   526    45   474   657   168   656   474
    91   657   656   656   657   474   174   495   659    48
   658   495    92   659   658   658   659   495    46   630
   484   156   660   630    92   484   660   660   484   630
   177   663   662    50   661   663    93   662   661   661
   662   663    46   483   481   173   664   483    93   481
   664   664   481   483   179   666   665    49   336   666
    94   665   336   336   665   666    46   480   668   176
   667   480    94   668   667   667   668   480   181   670
   669    48   494   670    95   669   494   494   669   670
   180   348   672    17   671   348    95   672   671   671
   672   348    10   343   674   172   673   343    96   674
   673   673   674   343    47   626   487   154   675   626
    96   487   675   675   487   626   184   533   677    58
   676   533    97   677   676   676   677   533    47   486
   679   182   678   486    97   679   678   678   679   486
   187   344   681    59   680   344    98   681   680   680
   681   344    48   670   492   181   682   670    98   492
   682   682   492   670   189   555   684    63   683   555
    99   684   683   683   684   555    48   491   686   186
   685   491    99   686   685   685   686   491   192   511
   688    51   687   511   100   688   687   687   688   511
    49   666   500   179   689   666   100   500   689   689
   500   666   194   692   691    52   690   692   101   691
   690   690   691   692    49   499   694   191   693   499
   101   694   693   693   694   499   197   696   695    51
   510   696   102   695   510   510   695   696   196   433
   698    19   697   433   102   698   697   697   698   433
     5   308   700   190   699   308   103   700   699   699
   700   308    50   663   503   177   701   663   103   503
   701   701   503   663   200   704   703    69   702   704
   104   703   702   702   703   704    50   502   706   198
   705   502   104   706   705   705   706   502   203   709
   708    67   707   709   105   708   707   707   708   709
    51   696   508   197   710   696   105   508   710   710
   508   696   205   713   712    65   711   713   106   712
   711   711   712   713    51   507   715   202   714   507
   106   715   714   714   715   507   208   717   716    53
   517   717   107   716   517   517   716   717   207   423
   719    18   718   423   107   719   718   718   719   423
    11   561   721   206   720   561   108   721   720   720
   721   561    52   692   514   194   722   692   108   514
   722   722   514   692   211   725   724    64   723   725
   109   724   723   723   724   725    52   513   727   209
   726   513   109   727   726   726   727   513   214   730
   729    55   728   730   110   729   728   728   729   730
   213   733   732     1   731   733   110   732   731   731
   732   733   217   735   734    56   525   735   111   734
   525   525   734   735   216   738   737    16   736   738
   111   737   736   736   737   738   218   741   740    57
   739   741   112   740   739   739   740   741    56   735
   743   217   742   735   112   743   742   742   743   735
   221   745   744    58   532   745   113   744   532   532
   744   745   220   748   747     7   746   748   113   747
   746   746   747   748   223   751   750    60   749   751
   114   750   749   749   750   751    58   745   530   221
   752   745   114   530   752   752   530   745   225   754
   753    59   346   754   115   753   346   346   753   754
    58   529   756   222   755   529   115   756   755   755
   756   529   227   546   758    61   757   546   116   758
   757   757   758   546    59   754   538   225   759   754
   116   538   759   759   538   754   229   762   761    62
   760   762   117   761   760   760   761   762    59   537
   764   226   763   537   117   764   763   763   764   537
   232   766   765    61   545   766   118   765   545   545
   765   766   231   769   768    21   767   769   118   768
   767   767   768   769   234   772   771    73   770   772
   119   771   770   770   771   772    61   766   543   232
   773   766   119   543   773   773   543   766   236   598
   775    75   774   598   120   775   774   774   775   598
    61   542   777   233   776   542   120   777   776   776
   777   542   239   779   778    63   554   779   121   778
   554   554   778   779   238   368   781    23   780   368
   121   781   780   780   781   368    12   364   783   237
   782   364   122   783   782   782   783   364    62   762
   549   229   784   762   122   549   784   784   549   762
   242   604   786    77   785   604   123   786   785   785
   786   604    62   548   788   240   787   548   123   788
   787   787   788   548   244   791   790    70   789   791
   124   790   789   789   790   791    63   779   793   239
   792   779   124   793   792   792   793   779   247   565
   795    66   794   565   125   795   794   794   795   565
    64   725   558   211   796   725   125   558   796   796
   558   725   250   798   797    66   564   798   126   797
   564   564   797   798   249   359   800    20   799   359
   126   800   799   799   800   359   251   573   802    68
   801   573   127   802   801   801   802   573    65   713
   804   205   803   713   127   804   803   803   804   713
   254   806   805    68   572   806   128   805   572   572
   805   806   253   310   808     9   807   310   128   808
   807   807   808   310    19   353   810   201   809   353
   129   810   809   809   810   353    67   709   568   203
   811   709   129   568   811   811   568   709   257   590
   813    72   812   590   130   813   812   812   813   590
    67   567   815   255   814   567   130   815   814   814
   815   567    36   584   817   245   816   584   131   817
   816   816   817   584    69   704   578   200   818   704
   131   578   818   818   578   704   261   821   820    71
   819   821   132   820   819   819   820   821    69   577
   823   259   822   577   132   823   822   822   823   577
    23   447   825   243   824   447   133   825   824   824
   825   447    70   791   581   244   826   791   133   581
   826   826   581   791   265   610   828    79   827   610
   134   828   827   827   828   610    70   580   830   263
   829   580   134   830   829   829   830   580   268   832
   831    72   589   832   135   831   589   589   831   832
   267   373   834    25   833   373   135   834   833   833
   834   373    13   371   836   266   835   371   136   836
   835   835   836   371    71   821   586   261   837   821
   136   586   837   837   586   821   271   614   839    81
   838   614   137   839   838   838   839   614    71   585
   841   269   840   585   137   841   840   840   841   585
   274   844   843    74   842   844   138   843   842   842
   843   844   273   847   846     2   845   847   138   846
   845   845   846   847   277   849   848    75   597   849
   139   848   597   597   848   849   276   852   851    22
   850   852   139   851   850   850   851   852   278   855
   854    76   853   855   140   854   853   853   854   855
    75   849   857   277   856   849   140   857   856   856
   857   849   281   859   858    77   603   859   141   858
   603   603   858   859   280   862   861     8   860   862
   141   861   860   860   861   862   282   865   864    78
   863   865   142   864   863   863   864   865    77   859
   867   281   866   859   142   867   866   866   867   859
   285   869   868    79   609   869   143   868   609   609
   868   869   284   872   871    24   870   872   143   871
   870   870   871   872   286   875   874    80   873   875
   144   874   873   873   874   875    79   869   877   285
   876   869   144   877   876   876   877   869   289   879
   878    81   613   879   145   878   613   613   878   879
   288   882   881     3   880   882   145   881   880   880
   881   882    26   884   883    83   623   884   146   883
   623   623   883   884    82   472   294    26   883   472
   146   294   883   883   294   472    42   632   885    85
   384   632   147   885   384   384   885   632    82   293
   620    42   885   293   147   620   885   885   620   293
    14   887   886    87   640   887   148   886   640   640
   886   887    82   619   617    14   886   619   148   617
   886   886   617   619    43   889   888    86   380   889
   149   888   380   380   888   889    82   616   471    43
   888   616   149   471   888   888   471   616    10   891
   890    84   627   891   150   890   627   627   890   891
    83   341   467    10   890   341   150   467   890   890
   467   341    26   375   892    89   479   375   151   892
   479   479   892   375    83   884   622    26   892   884
   151   622   892   892   622   884    45   657   893    91
   317   657   152   893   317   317   893   657    83   621
   340    45   893   621   152   340   893   893   340   621
    27   895   894    85   631   895   153   894   631   631
   894   895    84   490   464    27   894   490   153   464
   894   894   464   490    10   674   896    96   675   674
   154   896   675   675   896   674    84   891   625    10
   896   891   154   625   896   896   625   891    47   898
   897    95   383   898   155   897   383   383   897   898
    84   624   489    47   897   624   155   489   897   897
   489   624    27   900   899    92   660   900   156   899
   660   660   899   900    85   895   629    27   899   895
   156   629   899   899   629   895    46   668   901    94
   389   668   157   901   389   389   901   668    85   628
   339    46   901   628   157   339   901   901   339   628
    43   644   902    88   321   644   158   902   321   321
   902   644    86   889   637    43   902   889   158   637
   902   902   637   889    86   636   634     6   903   636
   159   634   903   903   634   636    44   905   904    89
   377   905   160   904   377   377   904   905    86   633
   473    44   904   633   160   473   904   904   473   633
    29   907   906    88   643   907   161   906   643   643
   906   907    87   395   470    29   906   395   161   470
   906   906   470   395    14   390   908    94   335   390
   162   908   335   335   908   390    87   887   639    14
   908   887   162   639   908   908   639   887    49   694
   909   101   497   694   163   909   497   497   909   694
    87   638   396    49   909   638   163   396   909   909
   396   638    29   391   910   107   519   391   164   910
   519   519   910   391    88   907   642    29   910   907
   164   642   910   910   642   907    88   641   301    53
   911   641   165   301   911   911   301   641    89   905
   648    44   912   905   166   648   912   912   648   905
    15   914   913    90   653   914   167   913   653   653
   913   914    89   647   645    15   913   647   167   645
   913   913   645   647    30   916   915    91   656   916
   168   915   656   656   915   916    90   521   476    30
   915   521   168   476   915   915   476   521    90   914
   651    15   917   914   169   651   917   917   651   914
    54   919   918   110   402   919   170   918   402   402
   918   919    90   650   520    54   918   650   170   520
   918   918   520   650    30   397   920   111   527   397
   171   920   527   527   920   397    91   916   655    30
   920   916   171   655   920   920   655   916    56   922
   921    96   673   922   172   921   673   673   921   922
    91   654   342    56   921   654   172   342   921   921
   342   654     5   924   923    93   664   924   173   923
   664   664   923   924    92   304   485     5   923   304
   173   485   923   923   485   304    27   381   925    95
   496   381   174   925   496   496   925   381    92   900
   659    27   925   900   174   659   925   925   659   900
    48   686   926    99   306   686   175   926   306   306
   926   686    92   658   302    48   926   658   175   302
   926   926   302   658    28   928   927    94   667   928
   176   927   667   667   927   928    93   506   482    28
   927   506   176   482   927   927   482   506     5   700
   929   103   701   700   177   929   701   701   929   700
    93   924   662     5   929   924   177   662   929   929
   662   924    50   931   930   102   388   931   178   930
   388   388   930   931    93   661   505    50   930   661
   178   505   930   930   505   661    28   933   932   100
   689   933   179   932   689   689   932   933    94   928
   665    28   932   928   179   665   932   932   665   928
    47   679   934    97   349   679   180   934   349   349
   934   679    95   898   672    47   934   898   180   672
   934   934   672   898    17   936   935    98   682   936
   181   935   682   682   935   936    95   671   669    17
   935   671   181   669   935   935   669   671    31   938
   937    97   678   938   182   937   678   678   937   938
    96   312   488    31   937   312   182   488   937   937
   488   312    56   743   939   112   523   743   183   939
   523   523   939   743    96   922   313    56   939   922
   183   313   939   939   313   922    31   405   940   113
   534   405   184   940   534   534   940   405    97   938
   677    31   940   938   184   677   940   940   677   938
    58   756   941   115   411   756   185   941   411   411
   941   756    97   676   403    58   941   676   185   403
   941   941   403   676    33   943   942    99   685   943
   186   942   685   685   942   943    98   417   493    33
   942   417   186   493   942   942   493   417    17   412
   944   115   345   412   187   944   345   345   944   412
    98   936   681    17   944   936   187   681   944   944
   681   936    59   764   945   117   535   764   188   945
   535   535   945   764    98   680   418    59   945   680
   188   418   945   945   418   680    33   413   946   121
   556   413   189   946   556   556   946   413    99   943
   684    33   946   943   189   684   946   946   684   943
    63   948   947   103   699   948   190   947   699   699
   947   948    99   683   307    63   947   683   190   307
   947   947   307   683    11   950   949   101   693   950
   191   949   693   693   949   950   100   357   501    11
   949   357   191   501   949   949   501   357    28   386
   951   102   512   386   192   951   512   512   951   386
   100   933   688    28   951   933   192   688   951   951
   688   933    51   715   952   106   320   715   193   952
   320   320   952   715   100   687   356    51   952   687
   193   356   952   952   356   687    11   721   953   108
   722   721   194   953   722   722   953   721   101   950
   691    11   953   950   194   691   953   953   691   950
    52   955   954   107   393   955   195   954   393   393
   954   955   101   690   516    52   954   690   195   516
   954   954   516   690    50   706   956   104   432   706
   196   956   432   432   956   706   102   931   698    50
   956   931   196   698   956   956   698   931    19   958
   957   105   710   958   197   957   710   710   957   958
   102   697   695    19   957   697   197   695   957   957
   695   697    36   960   959   104   705   960   198   959
   705   705   959   960   103   430   504    36   959   430
   198   504   959   959   504   430    63   793   961   124
   552   793   199   961   552   552   961   793   103   948
   431    63   961   948   199   431   961   961   431   948
    36   817   962   131   818   817   200   962   818   818
   962   817   104   960   703    36   962   960   200   703
   962   962   703   960    69   964   963   129   809   964
   201   963   809   809   963   964   104   702   355    69
   963   702   201   355   963   963   355   702    35   966
   965   106   714   966   202   965   714   714   965   966
   105   571   509    35   965   571   202   509   965   965
   509   571    19   810   967   129   811   810   203   967
   811   811   967   810   105   958   708    19   967   958
   203   708   967   967   708   958    67   969   968   128
   428   969   204   968   428   428   968   969   105   707
   570    67   968   707   204   570   968   968   570   707
    35   971   970   127   803   971   205   970   803   803
   970   971   106   966   712    35   970   966   205   712
   970   970   712   966    65   973   972   108   720   973
   206   972   720   720   972   973   106   711   560    65
   972   711   206   560   972   972   560   711    52   727
   974   109   422   727   207   974   422   422   974   727
   107   955   719    52   974   955   207   719   974   974
   719   955   107   718   716    18   975   718   208   716
   975   975   716   718    34   977   976   109   726   977
   209   976   726   726   976   977   108   563   515    34
   976   563   209   515   976   976   515   563    65   979
   978   126   421   979   210   978   421   421   978   979
   108   973   562    65   978   973   210   562   978   978
   562   973    34   981   980   125   796   981   211   980
   796   796   980   981   109   977   724    34   980   977
   211   724   980   980   724   977   109   723   352    64
   982   723   212   352   982   982   352   723   110   919
   732    54   983   919   213   732   983   983   732   919
   110   731   729     1   984   731   214   729   984   984
   729   731    55   986   985   111   399   986   215   985
   399   399   985   986   110   728   522    55   985   728
   215   522   985   985   522   728   111   986   737    55
   987   986   216   737   987   987   737   986    16   989
   988   112   742   989   217   988   742   742   988   989
   111   736   734    16   988   736   217   734   988   988
   734   736   112   989   740    16   990   989   218   740
   990   990   740   989    57   992   991   113   407   992
   219   991   407   407   991   992   112   739   528    57
   991   739   219   528   991   991   528   739   113   992
   747    57   993   992   220   747   993   993   747   992
     7   995   994   114   752   995   221   994   752   752
   994   995   113   746   744     7   994   746   221   744
   994   994   744   746    32   997   996   115   755   997
   222   996   755   755   996   997   114   541   531    32
   996   541   222   531   996   996   531   541   114   995
   750     7   998   995   223   750   998   998   750   995
    60  1000   999   118   410  1000   224   999   410   410
   999  1000   114   749   540    60   999   749   224   540
   999   999   540   749    32  1002  1001   116   759  1002
   225  1001   759   759  1001  1002   115   997   753    32
  1001   997   225   753  1001  1001   753   997    12  1004
  1003   117   763  1004   226  1003   763   763  1003  1004
   116   362   539    12  1003   362   226   539  1003  1003
   539   362    32   408  1005   118   547   408   227  1005
   547   547  1005   408   116  1002   758    32  1005  1002
   227   758  1005  1005   758  1002    61   777  1006   120
   328   777   228  1006   328   328  1006   777   116   757
   361    61  1006   757   228   361  1006  1006   361   757
    12   783  1007   122   784   783   229  1007   784   784
  1007   783   117  1004   761    12  1007  1004   229   761
  1007  1007   761  1004    62  1009  1008   121   415  1009
   230  1008   415   415  1008  1009   117   760   551    62
  1008   760   230   551  1008  1008   551   760   118  1000
   768    60  1010  1000   231   768  1010  1010   768  1000
    21  1012  1011   119   773  1012   232  1011   773   773
  1011  1012   118   767   765    21  1011   767   232   765
  1011  1011   765   767    38  1014  1013   120   776  1014
   233  1013   776   776  1013  1014   119   593   544    38
  1013   593   233   544  1013  1013   544   593   119  1012
   771    21  1015  1012   234   771  1015  1015   771  1012
    73  1017  1016   138   445  1017   235  1016   445   445
  1016  1017   119   770   592    73  1016   770   235   592
  1016  1016   592   770    38   440  1018   139   599   440
   236  1018   599   599  1018   440   120  1014   775    38
  1018  1014   236   775  1018  1018   775  1014    75  1020
  1019   122   782  1020   237  1019   782   782  1019  1020
   120   774   363    75  1019   774   237   363  1019  1019
   363   774    62   788  1021   123   369   788   238  1021
   369   369  1021   788   121  1009   781    62  1021  1009
   238   781  1021  1021   781  1009    23  1023  1022   124
   792  1023   239  1022   792   792  1022  1023   121   780
   778    23  1022   780   239   778  1022  1022   778   780
    39  1025  1024   123   787  1025   240  1024   787   787
  1024  1025   122   323   550    39  1024   323   240   550
  1024  1024   550   323    75   857  1026   140   595   857
   241  1026   595   595  1026   857   122  1020   324    75
  1026  1020   241   324  1026  1026   324  1020    39   448
  1027   141   605   448   242  1027   605   605  1027   448
   123  1025   786    39  1027  1025   242   786  1027  1027
   786  1025    77  1029  1028   133   824  1029   243  1028
   824   824  1028  1029   123   785   446    77  1028   785
   243   446  1028  1028   446   785    23   825  1030   133
   826   825   244  1030   826   826  1030   825   124  1023
   790    23  1030  1023   244   790  1030  1030   790  1023
    70  1032  1031   131   816  1032   245  1031   816   816
  1031  1032   124   789   583    70  1031   789   245   583
  1031  1031   583   789   125   297   559     4  1033   297
   246   559  1033  1033   559   297    34   419  1034   126
   566   419   247  1034   566   566  1034   419   125   981
   795    34  1034   981   247   795  1034  1034   795   981
   125   794   298    66  1035   794   248   298  1035  1035
   298   794    65   804  1036   127   360   804   249  1036
   360   360  1036   804   126   979   800    65  1036   979
   249   800  1036  1036   800   979   126   799   797    20
  1037   799   250   797  1037  1037   797   799    35   426
  1038   128   574   426   251  1038   574   574  1038   426
   127   971   802    35  1038   971   251   802  1038  1038
   802   971   127   801   424    68  1039   801   252   424
  1039  1039   424   801    67   815  1040   130   311   815
   253  1040   311   311  1040   815   128   969   808    67
  1040   969   253   808  1040  1040   808   969   128   807
   805     9  1041   807   254   805  1041  1041   805   807
    37  1043  1042   130   814  1043   255  1042   814   814
  1042  1043   129   438   569    37  1042   438   255   569
  1042  1042   569   438    69   823  1044   132   575   823
   256  1044   575   575  1044   823   129   964   439    69
  1044   964   256   439  1044  1044   439   964    37   434
  1045   135   591   434   257  1045   591   591  1045   434
   130  1043   813    37  1045  1043   257   813  1045  1045
   813  1043   130   812   329    72  1046   812   258   329
  1046  1046   329   812    13  1048  1047   132   822  1048
   259  1047   822   822  1047  1048   131   290   579    13
  1047   290   259   579  1047  1047   579   290    70   830
  1049   134   365   830   260  1049   365   365  1049   830
   131  1032   291    70  1049  1032   260   291  1049  1049
   291  1032    13   836  1050   136   837   836   261  1050
   837   837  1050   836   132  1048   820    13  1050  1048
   261   820  1050  1050   820  1048    71  1052  1051   135
   436  1052   262  1051   436   436  1051  1052   132   819
   588    71  1051   819   262   588  1051  1051   588   819
    40  1054  1053   134   829  1054   263  1053   829   829
  1053  1054   133   455   582    40  1053   455   263   582
  1053  1053   582   455    77   867  1055   142   601   867
   264  1055   601   601  1055   867   133  1029   456    77
  1055  1029   264   456  1055  1055   456  1029    40   451
  1056   143   611   451   265  1056   611   611  1056   451
   134  1054   828    40  1056  1054   265   828  1056  1056
   828  1054    79  1058  1057   136   835  1058   266  1057
   835   835  1057  1058   134   827   370    79  1057   827
   266   370  1057  1057   370   827    71   841  1059   137
   374   841   267  1059   374   374  1059   841   135  1052
   834    71  1059  1052   267   834  1059  1059   834  1052
   135   833   831    25  1060   833   268   831  1060  1060
   831   833    41  1062  1061   137   840  1062   269  1061
   840   840  1061  1062   136   331   587    41  1061   331
   269   587  1061  1061   587   331    79   877  1063   144
   607   877   270  1063   607   607  1063   877   136  1058
   332    79  1063  1058   270   332  1063  1063   332  1058
    41   459  1064   145   615   459   271  1064   615   615
  1064   459   137  1062   839    41  1064  1062   271   839
  1064  1064   839  1062   137   838   457    81  1065   838
   272   457  1065  1065   457   838   138  1017   846    73
  1066  1017   273   846  1066  1066   846  1017   138   845
   843     2  1067   845   274   843  1067  1067   843   845
    74  1069  1068   139   442  1069   275  1068   442   442
  1068  1069   138   842   594    74  1068   842   275   594
  1068  1068   594   842   139  1069   851    74  1070  1069
   276   851  1070  1070   851  1069    22  1072  1071   140
   856  1072   277  1071   856   856  1071  1072   139   850
   848    22  1071   850   277   848  1071  1071   848   850
   140  1072   854    22  1073  1072   278   854  1073  1073
   854  1072    76  1075  1074   141   450  1075   279  1074
   450   450  1074  1075   140   853   600    76  1074   853
   279   600  1074  1074   600   853   141  1075   861    76
  1076  1075   280   861  1076  1076   861  1075     8  1078
  1077   142   866  1078   281  1077   866   866  1077  1078
   141   860   858     8  1077   860   281   858  1077  1077
   858   860   142  1078   864     8  1079  1078   282   864
  1079  1079   864  1078    78  1081  1080   143   453  1081
   283  1080   453   453  1080  1081   142   863   606    78
  1080   863   283   606  1080  1080   606   863   143  1081
   871    78  1082  1081   284   871  1082  1082   871  1081
    24  1084  1083   144   876  1084   285  1083   876   876
  1083  1084   143   870   868    24  1083   870   285   868
  1083  1083   868   870   144  1084   874    24  1085  1084
   286   874  1085  1085   874  1084    80  1087  1086   145
   461  1087   287  1086   461   461  1086  1087   144   873
   612    80  1086   873   287   612  1086  1086   612   873
   145  1087   881    80  1088  1087   288   881  1088  1088
   881  1087   145   880   878     3  1089   880   289   878
  1089  1089   878   880
