 81
       1    0.0000000000E+00    0.0000000000E+00    7
       2    0.1000000000E+01    0.0000000000E+00    7
       3    0.1000000000E+01    0.1000000000E+01    7
       4    0.0000000000E+00    0.1000000000E+01    7
       5    0.5000000000E+00    0.5000000000E+00    0
       6    0.0000000000E+00    0.5000000000E+00    7
       7    0.5000000000E+00    0.0000000000E+00    7
       8    0.1000000000E+01    0.5000000000E+00    7
       9    0.5000000000E+00    0.1000000000E+01    7
      10    0.2500000000E+00    0.2500000000E+00    0
      11    0.2500000000E+00    0.7500000000E+00    0
      12    0.7500000000E+00    0.2500000000E+00    0
      13    0.7500000000E+00    0.7500000000E+00    0
      14    0.2500000000E+00    0.5000000000E+00    0
      15    0.0000000000E+00    0.2500000000E+00    7
      16    0.2500000000E+00    0.0000000000E+00    7
      17    0.5000000000E+00    0.2500000000E+00    0
      18    0.0000000000E+00    0.7500000000E+00    7
      19    0.5000000000E+00    0.7500000000E+00    0
      20    0.2500000000E+00    0.1000000000E+01    7
      21    0.7500000000E+00    0.0000000000E+00    7
      22    0.1000000000E+01    0.2500000000E+00    7
      23    0.7500000000E+00    0.5000000000E+00    0
      24    0.1000000000E+01    0.7500000000E+00    7
      25    0.7500000000E+00    0.1000000000E+01    7
      26    0.1250000000E+00    0.3750000000E+00    0
      27    0.3750000000E+00    0.3750000000E+00    0
      28    0.3750000000E+00    0.6250000000E+00    0
      29    0.1250000000E+00    0.6250000000E+00    0
      30    0.1250000000E+00    0.1250000000E+00    0
      31    0.3750000000E+00    0.1250000000E+00    0
      32    0.6250000000E+00    0.1250000000E+00    0
      33    0.6250000000E+00    0.3750000000E+00    0
      34    0.1250000000E+00    0.8750000000E+00    0
      35    0.3750000000E+00    0.8750000000E+00    0
      36    0.6250000000E+00    0.6250000000E+00    0
      37    0.6250000000E+00    0.8750000000E+00    0
      38    0.8750000000E+00    0.1250000000E+00    0
      39    0.8750000000E+00    0.3750000000E+00    0
      40    0.8750000000E+00    0.6250000000E+00    0
      41    0.8750000000E+00    0.8750000000E+00    0
      42    0.2500000000E+00    0.3750000000E+00    0
      43    0.1250000000E+00    0.5000000000E+00    0
      44    0.0000000000E+00    0.3750000000E+00    7
      45    0.1250000000E+00    0.2500000000E+00    0
      46    0.3750000000E+00    0.5000000000E+00    0
      47    0.3750000000E+00    0.2500000000E+00    0
      48    0.5000000000E+00    0.3750000000E+00    0
      49    0.2500000000E+00    0.6250000000E+00    0
      50    0.5000000000E+00    0.6250000000E+00    0
      51    0.3750000000E+00    0.7500000000E+00    0
      52    0.1250000000E+00    0.7500000000E+00    0
      53    0.0000000000E+00    0.6250000000E+00    7
      54    0.0000000000E+00    0.1250000000E+00    7
      55    0.1250000000E+00    0.0000000000E+00    7
      56    0.2500000000E+00    0.1250000000E+00    0
      57    0.3750000000E+00    0.0000000000E+00    7
      58    0.5000000000E+00    0.1250000000E+00    0
      59    0.6250000000E+00    0.2500000000E+00    0
      60    0.6250000000E+00    0.0000000000E+00    7
      61    0.7500000000E+00    0.1250000000E+00    0
      62    0.7500000000E+00    0.3750000000E+00    0
      63    0.6250000000E+00    0.5000000000E+00    0
      64    0.0000000000E+00    0.8750000000E+00    7
      65    0.2500000000E+00    0.8750000000E+00    0
      66    0.1250000000E+00    0.1000000000E+01    7
      67    0.5000000000E+00    0.8750000000E+00    0
      68    0.3750000000E+00    0.1000000000E+01    7
      69    0.6250000000E+00    0.7500000000E+00    0
      70    0.7500000000E+00    0.6250000000E+00    0
      71    0.7500000000E+00    0.8750000000E+00    0
      72    0.6250000000E+00    0.1000000000E+01    7
      73    0.8750000000E+00    0.0000000000E+00    7
      74    0.1000000000E+01    0.1250000000E+00    7
      75    0.8750000000E+00    0.2500000000E+00    0
      76    0.1000000000E+01    0.3750000000E+00    7
      77    0.8750000000E+00    0.5000000000E+00    0
      78    0.1000000000E+01    0.6250000000E+00    7
      79    0.8750000000E+00    0.7500000000E+00    0
      80    0.1000000000E+01    0.8750000000E+00    7
      81    0.8750000000E+00    0.1000000000E+01    7
 128
       1      70      13      36
       2      26      42      14
       3      34      66       4
       4      29      53       6
       5       5      27      48
       6      48      33       5
       7       5      33      63
       8      67      37       9
       9      56      31      10
      10      45      30      10
      11      51      35      11
      12       6      43      29
      13      75      39      12
      14      61      38      12
      15      72       9      37
      16      79      41      13
      17      28      49      14
      18      27      46      14
      19      10      26      45
      20      10      30      56
      21      32      59      17
      22      47      31      17
      23      34      64      18
      24      36      69      19
      25      11      28      51
      26      65      35      20
      27      12      32      61
      28      12      38      75
      29      40      13      70
      30      62      39      23
      31      13      40      79
      32      71      41      25
      33      44      15      26
      34      43       6      26
      35      47      17      27
      36      14      42      27
      37      50      19      28
      38      14      46      28
      39      52      18      29
      40      14      49      29
      41      55      16      30
      42      54       1      30
      43      58      17      31
      44      57       7      31
      45      60      21      32
      46      17      58      32
      47      62      23      33
      48      17      59      33
      49      65      20      34
      50      18      52      34
      51      68      20      35
      52      67       9      35
      53       5      63      36
      54      19      50      36
      55      71      25      37
      56      19      69      37
      57      74      22      38
      58      73       2      38
      59      77      23      39
      60      76       8      39
      61      78      24      40
      62      23      77      40
      63      81      25      41
      64      80       3      41
      65      10      27      42
      66      26      10      42
      67      14      29      43
      68      26      14      43
      69      26       6      44
      70      15      30      45
      71      26      15      45
      72       5      28      46
      73      27       5      46
      74      10      31      47
      75      27      10      47
      76      17      33      48
      77      27      17      48
      78      11      29      49
      79      28      11      49
      80       5      36      50
      81      28       5      50
      82      19      35      51
      83      28      19      51
      84      11      34      52
      85      29      11      52
      86      29      18      53
      87      30      15      54
      88      30       1      55
      89      16      31      56
      90      30      16      56
      91      31      16      57
      92       7      32      58
      93      31       7      58
      94      12      33      59
      95      32      12      59
      96      32       7      60
      97      21      38      61
      98      32      21      61
      99      12      39      62
     100      33      12      62
     101      23      36      63
     102      33      23      63
     103      34       4      64
     104      11      35      65
     105      34      11      65
     106      34      20      66
     107      19      37      67
     108      35      19      67
     109      35       9      68
     110      13      37      69
     111      36      13      69
     112      23      40      70
     113      36      23      70
     114      13      41      71
     115      37      13      71
     116      37      25      72
     117      38      21      73
     118      38       2      74
     119      22      39      75
     120      38      22      75
     121      39      22      76
     122       8      40      77
     123      39       8      77
     124      40       8      78
     125      24      41      79
     126      40      24      79
     127      41      24      80
     128      41       3      81
 208
       1      70      13
       2      13      36
       3      36      70
       4      26      42
       5      42      14
       6      14      26
       7      34      66
       8      66       4
       9       4      34
      10      29      53
      11      53       6
      12       6      29
      13       5      27
      14      27      48
      15      48       5
      16      48      33
      17      33       5
      18      33      63
      19      63       5
      20      67      37
      21      37       9
      22       9      67
      23      56      31
      24      31      10
      25      10      56
      26      45      30
      27      30      10
      28      10      45
      29      51      35
      30      35      11
      31      11      51
      32       6      43
      33      43      29
      34      75      39
      35      39      12
      36      12      75
      37      61      38
      38      38      12
      39      12      61
      40      72       9
      41      37      72
      42      79      41
      43      41      13
      44      13      79
      45      28      49
      46      49      14
      47      14      28
      48      27      46
      49      46      14
      50      14      27
      51      10      26
      52      26      45
      53      30      56
      54      32      59
      55      59      17
      56      17      32
      57      47      31
      58      31      17
      59      17      47
      60      34      64
      61      64      18
      62      18      34
      63      36      69
      64      69      19
      65      19      36
      66      11      28
      67      28      51
      68      65      35
      69      35      20
      70      20      65
      71      12      32
      72      32      61
      73      38      75
      74      40      13
      75      70      40
      76      62      39
      77      39      23
      78      23      62
      79      40      79
      80      71      41
      81      41      25
      82      25      71
      83      44      15
      84      15      26
      85      26      44
      86       6      26
      87      26      43
      88      17      27
      89      27      47
      90      42      27
      91      50      19
      92      19      28
      93      28      50
      94      46      28
      95      52      18
      96      18      29
      97      29      52
      98      49      29
      99      29      14
     100      55      16
     101      16      30
     102      30      55
     103      54       1
     104       1      30
     105      30      54
     106      58      17
     107      31      58
     108      57       7
     109       7      31
     110      31      57
     111      60      21
     112      21      32
     113      32      60
     114      58      32
     115      23      33
     116      33      62
     117      59      33
     118      33      17
     119      20      34
     120      34      65
     121      52      34
     122      68      20
     123      35      68
     124       9      35
     125      35      67
     126      63      36
     127      36       5
     128      50      36
     129      25      37
     130      37      71
     131      69      37
     132      37      19
     133      74      22
     134      22      38
     135      38      74
     136      73       2
     137       2      38
     138      38      73
     139      77      23
     140      39      77
     141      76       8
     142       8      39
     143      39      76
     144      78      24
     145      24      40
     146      40      78
     147      77      40
     148      40      23
     149      81      25
     150      41      81
     151      80       3
     152       3      41
     153      41      80
     154      10      27
     155      42      10
     156      43      14
     157       6      44
     158      15      30
     159      45      15
     160       5      28
     161      46       5
     162      47      10
     163      48      17
     164      11      29
     165      49      11
     166      50       5
     167      19      35
     168      51      19
     169      11      34
     170      52      11
     171      18      53
     172      15      54
     173       1      55
     174      16      31
     175      56      16
     176      16      57
     177       7      32
     178      58       7
     179      12      33
     180      59      12
     181       7      60
     182      21      38
     183      61      21
     184      62      12
     185      23      36
     186      63      23
     187       4      64
     188      65      11
     189      20      66
     190      67      19
     191       9      68
     192      13      37
     193      69      13
     194      70      23
     195      71      13
     196      25      72
     197      21      73
     198       2      74
     199      22      39
     200      75      22
     201      22      76
     202       8      40
     203      77       8
     204       8      78
     205      24      41
     206      79      24
     207      24      80
     208       3      81
