          81
         176          32
         128
  0.1767767    
  0.7500000000000000E+00  0.6250000000000000E+00  0.7500000000000000E+00  0.7500000000000000E+00
  0.1250000000000000E+00  0.0000000000000000E+00
    70    13     1    29     3     1

  0.7500000000000000E+00  0.7500000000000000E+00  0.6250000000000000E+00  0.6250000000000000E+00
 -0.1250000000000000E+00  0.1250000000000000E+00
    13    36     1   111     1     3

  0.6250000000000000E+00  0.6250000000000000E+00  0.7500000000000000E+00  0.6250000000000000E+00
  0.0000000000000000E+00 -0.1250000000000000E+00
    36    70     1   113     2     2

  0.2500000000000000E+00  0.3750000000000000E+00  0.2500000000000000E+00  0.5000000000000000E+00
  0.1250000000000000E+00  0.0000000000000000E+00
    42    14     2    36     1     3

  0.1250000000000000E+00  0.3750000000000000E+00  0.2500000000000000E+00  0.3750000000000000E+00
  0.0000000000000000E+00 -0.1250000000000000E+00
    26    42     2    66     3     2

  0.2500000000000000E+00  0.5000000000000000E+00  0.1250000000000000E+00  0.3750000000000000E+00
 -0.1250000000000000E+00  0.1250000000000000E+00
    14    26     2    68     2     3

  0.0000000000000000E+00  0.1000000000000000E+01  0.1250000000000000E+00  0.8750000000000000E+00
 -0.1250000000000000E+00 -0.1250000000000000E+00
     4    34     3   103     2     3

  0.1250000000000000E+00  0.8750000000000000E+00  0.1250000000000000E+00  0.1000000000000000E+01
  0.1250000000000000E+00  0.0000000000000000E+00
    34    66     3   106     3     2

  0.0000000000000000E+00  0.5000000000000000E+00  0.1250000000000000E+00  0.6250000000000000E+00
  0.1250000000000000E+00 -0.1250000000000000E+00
     6    29     4    12     2     2

  0.1250000000000000E+00  0.6250000000000000E+00  0.0000000000000000E+00  0.6250000000000000E+00
  0.0000000000000000E+00  0.1250000000000000E+00
    29    53     4    86     3     2

  0.5000000000000000E+00  0.3750000000000000E+00  0.5000000000000000E+00  0.5000000000000000E+00
  0.1250000000000000E+00  0.0000000000000000E+00
    48     5     5     6     2     2

  0.5000000000000000E+00  0.5000000000000000E+00  0.3750000000000000E+00  0.3750000000000000E+00
 -0.1250000000000000E+00  0.1250000000000000E+00
     5    27     5    73     3     3

  0.3750000000000000E+00  0.3750000000000000E+00  0.5000000000000000E+00  0.3750000000000000E+00
  0.0000000000000000E+00 -0.1250000000000000E+00
    27    48     5    77     1     2

  0.6250000000000000E+00  0.3750000000000000E+00  0.5000000000000000E+00  0.5000000000000000E+00
  0.1250000000000000E+00  0.1250000000000000E+00
    33     5     6     7     1     3

  0.5000000000000000E+00  0.3750000000000000E+00  0.6250000000000000E+00  0.3750000000000000E+00
  0.0000000000000000E+00 -0.1250000000000000E+00
    48    33     6    76     3     1

  0.6250000000000000E+00  0.5000000000000000E+00  0.5000000000000000E+00  0.5000000000000000E+00
  0.0000000000000000E+00  0.1250000000000000E+00
    63     5     7    53     2     3

  0.6250000000000000E+00  0.3750000000000000E+00  0.6250000000000000E+00  0.5000000000000000E+00
  0.1250000000000000E+00  0.0000000000000000E+00
    33    63     7   102     1     2

  0.6250000000000000E+00  0.8750000000000000E+00  0.5000000000000000E+00  0.1000000000000000E+01
  0.1250000000000000E+00  0.1250000000000000E+00
    37     9     8    15     1     1

  0.5000000000000000E+00  0.1000000000000000E+01  0.5000000000000000E+00  0.8750000000000000E+00
 -0.1250000000000000E+00  0.0000000000000000E+00
     9    67     8    52     2     3

  0.5000000000000000E+00  0.8750000000000000E+00  0.6250000000000000E+00  0.8750000000000000E+00
  0.0000000000000000E+00 -0.1250000000000000E+00
    67    37     8   107     3     1

  0.2500000000000000E+00  0.2500000000000000E+00  0.2500000000000000E+00  0.1250000000000000E+00
 -0.1250000000000000E+00  0.0000000000000000E+00
    10    56     9    20     2     2

  0.3750000000000000E+00  0.1250000000000000E+00  0.2500000000000000E+00  0.2500000000000000E+00
  0.1250000000000000E+00  0.1250000000000000E+00
    31    10     9    74     1     3

  0.2500000000000000E+00  0.1250000000000000E+00  0.3750000000000000E+00  0.1250000000000000E+00
  0.0000000000000000E+00 -0.1250000000000000E+00
    56    31     9    89     3     1

  0.2500000000000000E+00  0.2500000000000000E+00  0.1250000000000000E+00  0.2500000000000000E+00
  0.0000000000000000E+00  0.1250000000000000E+00
    10    45    10    19     2     2

  0.1250000000000000E+00  0.1250000000000000E+00  0.2500000000000000E+00  0.2500000000000000E+00
  0.1250000000000000E+00 -0.1250000000000000E+00
    30    10    10    20     1     3

  0.1250000000000000E+00  0.2500000000000000E+00  0.1250000000000000E+00  0.1250000000000000E+00
 -0.1250000000000000E+00  0.0000000000000000E+00
    45    30    10    70     3     1

  0.2500000000000000E+00  0.7500000000000000E+00  0.3750000000000000E+00  0.7500000000000000E+00
  0.0000000000000000E+00 -0.1250000000000000E+00
    11    51    11    25     2     2

  0.3750000000000000E+00  0.7500000000000000E+00  0.3750000000000000E+00  0.8750000000000000E+00
  0.1250000000000000E+00  0.0000000000000000E+00
    51    35    11    82     3     1

  0.3750000000000000E+00  0.8750000000000000E+00  0.2500000000000000E+00  0.7500000000000000E+00
 -0.1250000000000000E+00  0.1250000000000000E+00
    35    11    11   104     1     3

  0.0000000000000000E+00  0.5000000000000000E+00  0.1250000000000000E+00  0.5000000000000000E+00
  0.0000000000000000E+00 -0.1250000000000000E+00
     6    43    12    34     3     3

  0.1250000000000000E+00  0.5000000000000000E+00  0.1250000000000000E+00  0.6250000000000000E+00
  0.1250000000000000E+00  0.0000000000000000E+00
    43    29    12    67     1     1

  0.7500000000000000E+00  0.2500000000000000E+00  0.8750000000000000E+00  0.2500000000000000E+00
  0.0000000000000000E+00 -0.1250000000000000E+00
    12    75    13    28     2     2

  0.8750000000000000E+00  0.3750000000000000E+00  0.7500000000000000E+00  0.2500000000000000E+00
 -0.1250000000000000E+00  0.1250000000000000E+00
    39    12    13    99     1     3

  0.8750000000000000E+00  0.2500000000000000E+00  0.8750000000000000E+00  0.3750000000000000E+00
  0.1250000000000000E+00  0.0000000000000000E+00
    75    39    13   119     3     1

  0.7500000000000000E+00  0.2500000000000000E+00  0.7500000000000000E+00  0.1250000000000000E+00
 -0.1250000000000000E+00  0.0000000000000000E+00
    12    61    14    27     2     2

  0.8750000000000000E+00  0.1250000000000000E+00  0.7500000000000000E+00  0.2500000000000000E+00
  0.1250000000000000E+00  0.1250000000000000E+00
    38    12    14    28     1     3

  0.7500000000000000E+00  0.1250000000000000E+00  0.8750000000000000E+00  0.1250000000000000E+00
  0.0000000000000000E+00 -0.1250000000000000E+00
    61    38    14    97     3     1

  0.6250000000000000E+00  0.8750000000000000E+00  0.6250000000000000E+00  0.1000000000000000E+01
  0.1250000000000000E+00  0.0000000000000000E+00
    37    72    15   116     2     2

  0.7500000000000000E+00  0.7500000000000000E+00  0.8750000000000000E+00  0.7500000000000000E+00
  0.0000000000000000E+00 -0.1250000000000000E+00
    13    79    16    31     2     2

  0.8750000000000000E+00  0.8750000000000000E+00  0.7500000000000000E+00  0.7500000000000000E+00
 -0.1250000000000000E+00  0.1250000000000000E+00
    41    13    16   114     1     3

  0.8750000000000000E+00  0.7500000000000000E+00  0.8750000000000000E+00  0.8750000000000000E+00
  0.1250000000000000E+00  0.0000000000000000E+00
    79    41    16   125     3     1

  0.2500000000000000E+00  0.5000000000000000E+00  0.3750000000000000E+00  0.6250000000000000E+00
  0.1250000000000000E+00 -0.1250000000000000E+00
    14    28    17    38     2     2

  0.2500000000000000E+00  0.6250000000000000E+00  0.2500000000000000E+00  0.5000000000000000E+00
 -0.1250000000000000E+00  0.0000000000000000E+00
    49    14    17    40     1     3

  0.3750000000000000E+00  0.6250000000000000E+00  0.2500000000000000E+00  0.6250000000000000E+00
  0.0000000000000000E+00  0.1250000000000000E+00
    28    49    17    79     3     2

  0.2500000000000000E+00  0.5000000000000000E+00  0.3750000000000000E+00  0.3750000000000000E+00
 -0.1250000000000000E+00 -0.1250000000000000E+00
    14    27    18    36     2     2

  0.3750000000000000E+00  0.5000000000000000E+00  0.2500000000000000E+00  0.5000000000000000E+00
  0.0000000000000000E+00  0.1250000000000000E+00
    46    14    18    38     1     3

  0.3750000000000000E+00  0.3750000000000000E+00  0.3750000000000000E+00  0.5000000000000000E+00
  0.1250000000000000E+00  0.0000000000000000E+00
    27    46    18    73     3     2

  0.2500000000000000E+00  0.2500000000000000E+00  0.1250000000000000E+00  0.3750000000000000E+00
  0.1250000000000000E+00  0.1250000000000000E+00
    10    26    19    66     3     3

  0.1250000000000000E+00  0.3750000000000000E+00  0.1250000000000000E+00  0.2500000000000000E+00
 -0.1250000000000000E+00  0.0000000000000000E+00
    26    45    19    71     1     2

  0.1250000000000000E+00  0.1250000000000000E+00  0.2500000000000000E+00  0.1250000000000000E+00
  0.0000000000000000E+00 -0.1250000000000000E+00
    30    56    20    90     1     2

  0.5000000000000000E+00  0.2500000000000000E+00  0.6250000000000000E+00  0.1250000000000000E+00
 -0.1250000000000000E+00 -0.1250000000000000E+00
    17    32    21    46     2     2

  0.6250000000000000E+00  0.2500000000000000E+00  0.5000000000000000E+00  0.2500000000000000E+00
  0.0000000000000000E+00  0.1250000000000000E+00
    59    17    21    48     1     3

  0.6250000000000000E+00  0.1250000000000000E+00  0.6250000000000000E+00  0.2500000000000000E+00
  0.1250000000000000E+00  0.0000000000000000E+00
    32    59    21    95     3     2

  0.5000000000000000E+00  0.2500000000000000E+00  0.3750000000000000E+00  0.2500000000000000E+00
  0.0000000000000000E+00  0.1250000000000000E+00
    17    47    22    35     2     3

  0.3750000000000000E+00  0.1250000000000000E+00  0.5000000000000000E+00  0.2500000000000000E+00
  0.1250000000000000E+00 -0.1250000000000000E+00
    31    17    22    43     1     1

  0.3750000000000000E+00  0.2500000000000000E+00  0.3750000000000000E+00  0.1250000000000000E+00
 -0.1250000000000000E+00  0.0000000000000000E+00
    47    31    22    74     3     1

  0.0000000000000000E+00  0.7500000000000000E+00  0.1250000000000000E+00  0.8750000000000000E+00
  0.1250000000000000E+00 -0.1250000000000000E+00
    18    34    23    50     2     2

  0.1250000000000000E+00  0.8750000000000000E+00  0.0000000000000000E+00  0.8750000000000000E+00
  0.0000000000000000E+00  0.1250000000000000E+00
    34    64    23   103     3     2

  0.5000000000000000E+00  0.7500000000000000E+00  0.6250000000000000E+00  0.6250000000000000E+00
 -0.1250000000000000E+00 -0.1250000000000000E+00
    19    36    24    54     2     2

  0.6250000000000000E+00  0.7500000000000000E+00  0.5000000000000000E+00  0.7500000000000000E+00
  0.0000000000000000E+00  0.1250000000000000E+00
    69    19    24    56     1     3

  0.6250000000000000E+00  0.6250000000000000E+00  0.6250000000000000E+00  0.7500000000000000E+00
  0.1250000000000000E+00  0.0000000000000000E+00
    36    69    24   111     3     2

  0.2500000000000000E+00  0.7500000000000000E+00  0.3750000000000000E+00  0.6250000000000000E+00
 -0.1250000000000000E+00 -0.1250000000000000E+00
    11    28    25    79     3     3

  0.3750000000000000E+00  0.6250000000000000E+00  0.3750000000000000E+00  0.7500000000000000E+00
  0.1250000000000000E+00  0.0000000000000000E+00
    28    51    25    83     1     2

  0.2500000000000000E+00  0.1000000000000000E+01  0.2500000000000000E+00  0.8750000000000000E+00
 -0.1250000000000000E+00  0.0000000000000000E+00
    20    65    26    49     2     3

  0.3750000000000000E+00  0.8750000000000000E+00  0.2500000000000000E+00  0.1000000000000000E+01
  0.1250000000000000E+00  0.1250000000000000E+00
    35    20    26    51     1     1

  0.2500000000000000E+00  0.8750000000000000E+00  0.3750000000000000E+00  0.8750000000000000E+00
  0.0000000000000000E+00 -0.1250000000000000E+00
    65    35    26   104     3     1

  0.7500000000000000E+00  0.2500000000000000E+00  0.6250000000000000E+00  0.1250000000000000E+00
 -0.1250000000000000E+00  0.1250000000000000E+00
    12    32    27    95     3     3

  0.6250000000000000E+00  0.1250000000000000E+00  0.7500000000000000E+00  0.1250000000000000E+00
  0.0000000000000000E+00 -0.1250000000000000E+00
    32    61    27    98     1     2

  0.8750000000000000E+00  0.1250000000000000E+00  0.8750000000000000E+00  0.2500000000000000E+00
  0.1250000000000000E+00  0.0000000000000000E+00
    38    75    28   120     1     2

  0.8750000000000000E+00  0.6250000000000000E+00  0.7500000000000000E+00  0.7500000000000000E+00
  0.1250000000000000E+00  0.1250000000000000E+00
    40    13    29    31     3     3

  0.7500000000000000E+00  0.6250000000000000E+00  0.8750000000000000E+00  0.6250000000000000E+00
  0.0000000000000000E+00 -0.1250000000000000E+00
    70    40    29   112     2     1

  0.7500000000000000E+00  0.5000000000000000E+00  0.7500000000000000E+00  0.3750000000000000E+00
 -0.1250000000000000E+00  0.0000000000000000E+00
    23    62    30    47     2     3

  0.8750000000000000E+00  0.3750000000000000E+00  0.7500000000000000E+00  0.5000000000000000E+00
  0.1250000000000000E+00  0.1250000000000000E+00
    39    23    30    59     1     1

  0.7500000000000000E+00  0.3750000000000000E+00  0.8750000000000000E+00  0.3750000000000000E+00
  0.0000000000000000E+00 -0.1250000000000000E+00
    62    39    30    99     3     1

  0.8750000000000000E+00  0.6250000000000000E+00  0.8750000000000000E+00  0.7500000000000000E+00
  0.1250000000000000E+00  0.0000000000000000E+00
    40    79    31   126     1     2

  0.7500000000000000E+00  0.1000000000000000E+01  0.7500000000000000E+00  0.8750000000000000E+00
 -0.1250000000000000E+00  0.0000000000000000E+00
    25    71    32    55     2     3

  0.8750000000000000E+00  0.8750000000000000E+00  0.7500000000000000E+00  0.1000000000000000E+01
  0.1250000000000000E+00  0.1250000000000000E+00
    41    25    32    63     1     1

  0.7500000000000000E+00  0.8750000000000000E+00  0.8750000000000000E+00  0.8750000000000000E+00
  0.0000000000000000E+00 -0.1250000000000000E+00
    71    41    32   114     3     1

  0.1250000000000000E+00  0.3750000000000000E+00  0.0000000000000000E+00  0.3750000000000000E+00
  0.0000000000000000E+00  0.1250000000000000E+00
    26    44    33    69     2     2

  0.0000000000000000E+00  0.2500000000000000E+00  0.1250000000000000E+00  0.3750000000000000E+00
  0.1250000000000000E+00 -0.1250000000000000E+00
    15    26    33    71     1     3

  0.1250000000000000E+00  0.3750000000000000E+00  0.1250000000000000E+00  0.5000000000000000E+00
  0.1250000000000000E+00  0.0000000000000000E+00
    26    43    34    68     2     2

  0.0000000000000000E+00  0.5000000000000000E+00  0.1250000000000000E+00  0.3750000000000000E+00
 -0.1250000000000000E+00 -0.1250000000000000E+00
     6    26    34    69     1     3

  0.3750000000000000E+00  0.3750000000000000E+00  0.3750000000000000E+00  0.2500000000000000E+00
 -0.1250000000000000E+00  0.0000000000000000E+00
    27    47    35    75     2     2

  0.5000000000000000E+00  0.2500000000000000E+00  0.3750000000000000E+00  0.3750000000000000E+00
  0.1250000000000000E+00  0.1250000000000000E+00
    17    27    35    77     1     3

  0.2500000000000000E+00  0.3750000000000000E+00  0.3750000000000000E+00  0.3750000000000000E+00
  0.0000000000000000E+00 -0.1250000000000000E+00
    42    27    36    65     1     1

  0.5000000000000000E+00  0.6250000000000000E+00  0.5000000000000000E+00  0.7500000000000000E+00
  0.1250000000000000E+00  0.0000000000000000E+00
    50    19    37    54     3     3

  0.3750000000000000E+00  0.6250000000000000E+00  0.5000000000000000E+00  0.6250000000000000E+00
  0.0000000000000000E+00 -0.1250000000000000E+00
    28    50    37    81     2     2

  0.5000000000000000E+00  0.7500000000000000E+00  0.3750000000000000E+00  0.6250000000000000E+00
 -0.1250000000000000E+00  0.1250000000000000E+00
    19    28    37    83     1     3

  0.3750000000000000E+00  0.5000000000000000E+00  0.3750000000000000E+00  0.6250000000000000E+00
  0.1250000000000000E+00  0.0000000000000000E+00
    46    28    38    72     1     1

  0.1250000000000000E+00  0.7500000000000000E+00  0.0000000000000000E+00  0.7500000000000000E+00
  0.0000000000000000E+00  0.1250000000000000E+00
    52    18    39    50     3     3

  0.1250000000000000E+00  0.6250000000000000E+00  0.1250000000000000E+00  0.7500000000000000E+00
  0.1250000000000000E+00  0.0000000000000000E+00
    29    52    39    85     2     2

  0.0000000000000000E+00  0.7500000000000000E+00  0.1250000000000000E+00  0.6250000000000000E+00
 -0.1250000000000000E+00 -0.1250000000000000E+00
    18    29    39    86     1     3

  0.1250000000000000E+00  0.6250000000000000E+00  0.2500000000000000E+00  0.5000000000000000E+00
 -0.1250000000000000E+00 -0.1250000000000000E+00
    29    14    40    67     2     3

  0.2500000000000000E+00  0.6250000000000000E+00  0.1250000000000000E+00  0.6250000000000000E+00
  0.0000000000000000E+00  0.1250000000000000E+00
    49    29    40    78     1     1

  0.1250000000000000E+00  0.1250000000000000E+00  0.1250000000000000E+00  0.0000000000000000E+00
 -0.1250000000000000E+00  0.0000000000000000E+00
    30    55    41    88     2     2

  0.2500000000000000E+00  0.0000000000000000E+00  0.1250000000000000E+00  0.1250000000000000E+00
  0.1250000000000000E+00  0.1250000000000000E+00
    16    30    41    90     1     3

  0.1250000000000000E+00  0.1250000000000000E+00  0.0000000000000000E+00  0.1250000000000000E+00
  0.0000000000000000E+00  0.1250000000000000E+00
    30    54    42    87     2     2

  0.0000000000000000E+00  0.0000000000000000E+00  0.1250000000000000E+00  0.1250000000000000E+00
  0.1250000000000000E+00 -0.1250000000000000E+00
     1    30    42    88     1     3

  0.5000000000000000E+00  0.1250000000000000E+00  0.5000000000000000E+00  0.2500000000000000E+00
  0.1250000000000000E+00  0.0000000000000000E+00
    58    17    43    46     3     3

  0.3750000000000000E+00  0.1250000000000000E+00  0.5000000000000000E+00  0.1250000000000000E+00
  0.0000000000000000E+00 -0.1250000000000000E+00
    31    58    43    93     2     2

  0.3750000000000000E+00  0.1250000000000000E+00  0.3750000000000000E+00  0.0000000000000000E+00
 -0.1250000000000000E+00  0.0000000000000000E+00
    31    57    44    91     2     2

  0.5000000000000000E+00  0.0000000000000000E+00  0.3750000000000000E+00  0.1250000000000000E+00
  0.1250000000000000E+00  0.1250000000000000E+00
     7    31    44    93     1     3

  0.6250000000000000E+00  0.1250000000000000E+00  0.6250000000000000E+00  0.0000000000000000E+00
 -0.1250000000000000E+00  0.0000000000000000E+00
    32    60    45    96     2     2

  0.7500000000000000E+00  0.0000000000000000E+00  0.6250000000000000E+00  0.1250000000000000E+00
  0.1250000000000000E+00  0.1250000000000000E+00
    21    32    45    98     1     3

  0.5000000000000000E+00  0.1250000000000000E+00  0.6250000000000000E+00  0.1250000000000000E+00
  0.0000000000000000E+00 -0.1250000000000000E+00
    58    32    46    92     1     1

  0.6250000000000000E+00  0.3750000000000000E+00  0.7500000000000000E+00  0.3750000000000000E+00
  0.0000000000000000E+00 -0.1250000000000000E+00
    33    62    47   100     2     2

  0.7500000000000000E+00  0.5000000000000000E+00  0.6250000000000000E+00  0.3750000000000000E+00
 -0.1250000000000000E+00  0.1250000000000000E+00
    23    33    47   102     1     3

  0.6250000000000000E+00  0.3750000000000000E+00  0.5000000000000000E+00  0.2500000000000000E+00
 -0.1250000000000000E+00  0.1250000000000000E+00
    33    17    48    76     2     3

  0.6250000000000000E+00  0.2500000000000000E+00  0.6250000000000000E+00  0.3750000000000000E+00
  0.1250000000000000E+00  0.0000000000000000E+00
    59    33    48    94     1     1

  0.1250000000000000E+00  0.8750000000000000E+00  0.2500000000000000E+00  0.8750000000000000E+00
  0.0000000000000000E+00 -0.1250000000000000E+00
    34    65    49   105     2     2

  0.2500000000000000E+00  0.1000000000000000E+01  0.1250000000000000E+00  0.8750000000000000E+00
 -0.1250000000000000E+00  0.1250000000000000E+00
    20    34    49   106     1     3

  0.1250000000000000E+00  0.7500000000000000E+00  0.1250000000000000E+00  0.8750000000000000E+00
  0.1250000000000000E+00  0.0000000000000000E+00
    52    34    50    84     1     1

  0.3750000000000000E+00  0.8750000000000000E+00  0.3750000000000000E+00  0.1000000000000000E+01
  0.1250000000000000E+00  0.0000000000000000E+00
    35    68    51   109     2     2

  0.3750000000000000E+00  0.8750000000000000E+00  0.5000000000000000E+00  0.8750000000000000E+00
  0.0000000000000000E+00 -0.1250000000000000E+00
    35    67    52   108     2     2

  0.5000000000000000E+00  0.1000000000000000E+01  0.3750000000000000E+00  0.8750000000000000E+00
 -0.1250000000000000E+00  0.1250000000000000E+00
     9    35    52   109     1     3

  0.6250000000000000E+00  0.6250000000000000E+00  0.5000000000000000E+00  0.5000000000000000E+00
 -0.1250000000000000E+00  0.1250000000000000E+00
    36     5    53    80     2     3

  0.6250000000000000E+00  0.5000000000000000E+00  0.6250000000000000E+00  0.6250000000000000E+00
  0.1250000000000000E+00  0.0000000000000000E+00
    63    36    53   101     1     1

  0.5000000000000000E+00  0.6250000000000000E+00  0.6250000000000000E+00  0.6250000000000000E+00
  0.0000000000000000E+00 -0.1250000000000000E+00
    50    36    54    80     1     1

  0.6250000000000000E+00  0.8750000000000000E+00  0.7500000000000000E+00  0.8750000000000000E+00
  0.0000000000000000E+00 -0.1250000000000000E+00
    37    71    55   115     2     2

  0.7500000000000000E+00  0.1000000000000000E+01  0.6250000000000000E+00  0.8750000000000000E+00
 -0.1250000000000000E+00  0.1250000000000000E+00
    25    37    55   116     1     3

  0.6250000000000000E+00  0.8750000000000000E+00  0.5000000000000000E+00  0.7500000000000000E+00
 -0.1250000000000000E+00  0.1250000000000000E+00
    37    19    56   107     2     3

  0.6250000000000000E+00  0.7500000000000000E+00  0.6250000000000000E+00  0.8750000000000000E+00
  0.1250000000000000E+00  0.0000000000000000E+00
    69    37    56   110     1     1

  0.8750000000000000E+00  0.1250000000000000E+00  0.1000000000000000E+01  0.1250000000000000E+00
  0.0000000000000000E+00 -0.1250000000000000E+00
    38    74    57   118     2     2

  0.1000000000000000E+01  0.2500000000000000E+00  0.8750000000000000E+00  0.1250000000000000E+00
 -0.1250000000000000E+00  0.1250000000000000E+00
    22    38    57   120     1     3

  0.8750000000000000E+00  0.1250000000000000E+00  0.8750000000000000E+00  0.0000000000000000E+00
 -0.1250000000000000E+00  0.0000000000000000E+00
    38    73    58   117     2     2

  0.1000000000000000E+01  0.0000000000000000E+00  0.8750000000000000E+00  0.1250000000000000E+00
  0.1250000000000000E+00  0.1250000000000000E+00
     2    38    58   118     1     3

  0.8750000000000000E+00  0.5000000000000000E+00  0.7500000000000000E+00  0.5000000000000000E+00
  0.0000000000000000E+00  0.1250000000000000E+00
    77    23    59    62     3     3

  0.8750000000000000E+00  0.3750000000000000E+00  0.8750000000000000E+00  0.5000000000000000E+00
  0.1250000000000000E+00  0.0000000000000000E+00
    39    77    59   123     2     2

  0.8750000000000000E+00  0.3750000000000000E+00  0.1000000000000000E+01  0.3750000000000000E+00
  0.0000000000000000E+00 -0.1250000000000000E+00
    39    76    60   121     2     2

  0.1000000000000000E+01  0.5000000000000000E+00  0.8750000000000000E+00  0.3750000000000000E+00
 -0.1250000000000000E+00  0.1250000000000000E+00
     8    39    60   123     1     3

  0.8750000000000000E+00  0.6250000000000000E+00  0.1000000000000000E+01  0.6250000000000000E+00
  0.0000000000000000E+00 -0.1250000000000000E+00
    40    78    61   124     2     2

  0.1000000000000000E+01  0.7500000000000000E+00  0.8750000000000000E+00  0.6250000000000000E+00
 -0.1250000000000000E+00  0.1250000000000000E+00
    24    40    61   126     1     3

  0.8750000000000000E+00  0.6250000000000000E+00  0.7500000000000000E+00  0.5000000000000000E+00
 -0.1250000000000000E+00  0.1250000000000000E+00
    40    23    62   112     2     3

  0.8750000000000000E+00  0.5000000000000000E+00  0.8750000000000000E+00  0.6250000000000000E+00
  0.1250000000000000E+00  0.0000000000000000E+00
    77    40    62   122     1     1

  0.8750000000000000E+00  0.8750000000000000E+00  0.8750000000000000E+00  0.1000000000000000E+01
  0.1250000000000000E+00  0.0000000000000000E+00
    41    81    63   128     2     2

  0.8750000000000000E+00  0.8750000000000000E+00  0.1000000000000000E+01  0.8750000000000000E+00
  0.0000000000000000E+00 -0.1250000000000000E+00
    41    80    64   127     2     2

  0.1000000000000000E+01  0.1000000000000000E+01  0.8750000000000000E+00  0.8750000000000000E+00
 -0.1250000000000000E+00  0.1250000000000000E+00
     3    41    64   128     1     3

  0.2500000000000000E+00  0.3750000000000000E+00  0.2500000000000000E+00  0.2500000000000000E+00
 -0.1250000000000000E+00  0.0000000000000000E+00
    42    10    65    66     2     1

  0.2500000000000000E+00  0.2500000000000000E+00  0.3750000000000000E+00  0.3750000000000000E+00
  0.1250000000000000E+00 -0.1250000000000000E+00
    10    27    65    75     3     3

  0.1250000000000000E+00  0.5000000000000000E+00  0.2500000000000000E+00  0.5000000000000000E+00
  0.0000000000000000E+00 -0.1250000000000000E+00
    43    14    67    68     2     1

  0.1250000000000000E+00  0.2500000000000000E+00  0.0000000000000000E+00  0.2500000000000000E+00
  0.0000000000000000E+00  0.1250000000000000E+00
    45    15    70    71     2     1

  0.0000000000000000E+00  0.2500000000000000E+00  0.1250000000000000E+00  0.1250000000000000E+00
 -0.1250000000000000E+00 -0.1250000000000000E+00
    15    30    70    87     3     3

  0.3750000000000000E+00  0.5000000000000000E+00  0.5000000000000000E+00  0.5000000000000000E+00
  0.0000000000000000E+00 -0.1250000000000000E+00
    46     5    72    73     2     1

  0.5000000000000000E+00  0.5000000000000000E+00  0.3750000000000000E+00  0.6250000000000000E+00
  0.1250000000000000E+00  0.1250000000000000E+00
     5    28    72    81     3     3

  0.3750000000000000E+00  0.2500000000000000E+00  0.2500000000000000E+00  0.2500000000000000E+00
  0.0000000000000000E+00  0.1250000000000000E+00
    47    10    74    75     2     1

  0.5000000000000000E+00  0.3750000000000000E+00  0.5000000000000000E+00  0.2500000000000000E+00
 -0.1250000000000000E+00  0.0000000000000000E+00
    48    17    76    77     2     1

  0.2500000000000000E+00  0.6250000000000000E+00  0.2500000000000000E+00  0.7500000000000000E+00
  0.1250000000000000E+00  0.0000000000000000E+00
    49    11    78    79     2     1

  0.2500000000000000E+00  0.7500000000000000E+00  0.1250000000000000E+00  0.6250000000000000E+00
 -0.1250000000000000E+00  0.1250000000000000E+00
    11    29    78    85     3     3

  0.5000000000000000E+00  0.6250000000000000E+00  0.5000000000000000E+00  0.5000000000000000E+00
 -0.1250000000000000E+00  0.0000000000000000E+00
    50     5    80    81     2     1

  0.3750000000000000E+00  0.7500000000000000E+00  0.5000000000000000E+00  0.7500000000000000E+00
  0.0000000000000000E+00 -0.1250000000000000E+00
    51    19    82    83     2     1

  0.5000000000000000E+00  0.7500000000000000E+00  0.3750000000000000E+00  0.8750000000000000E+00
  0.1250000000000000E+00  0.1250000000000000E+00
    19    35    82   108     3     3

  0.1250000000000000E+00  0.7500000000000000E+00  0.2500000000000000E+00  0.7500000000000000E+00
  0.0000000000000000E+00 -0.1250000000000000E+00
    52    11    84    85     2     1

  0.2500000000000000E+00  0.7500000000000000E+00  0.1250000000000000E+00  0.8750000000000000E+00
  0.1250000000000000E+00  0.1250000000000000E+00
    11    34    84   105     3     3

  0.2500000000000000E+00  0.1250000000000000E+00  0.2500000000000000E+00  0.0000000000000000E+00
 -0.1250000000000000E+00  0.0000000000000000E+00
    56    16    89    90     2     1

  0.2500000000000000E+00  0.0000000000000000E+00  0.3750000000000000E+00  0.1250000000000000E+00
  0.1250000000000000E+00 -0.1250000000000000E+00
    16    31    89    91     3     3

  0.5000000000000000E+00  0.1250000000000000E+00  0.5000000000000000E+00  0.0000000000000000E+00
 -0.1250000000000000E+00  0.0000000000000000E+00
    58     7    92    93     2     1

  0.5000000000000000E+00  0.0000000000000000E+00  0.6250000000000000E+00  0.1250000000000000E+00
  0.1250000000000000E+00 -0.1250000000000000E+00
     7    32    92    96     3     3

  0.6250000000000000E+00  0.2500000000000000E+00  0.7500000000000000E+00  0.2500000000000000E+00
  0.0000000000000000E+00 -0.1250000000000000E+00
    59    12    94    95     2     1

  0.7500000000000000E+00  0.2500000000000000E+00  0.6250000000000000E+00  0.3750000000000000E+00
  0.1250000000000000E+00  0.1250000000000000E+00
    12    33    94   100     3     3

  0.7500000000000000E+00  0.1250000000000000E+00  0.7500000000000000E+00  0.0000000000000000E+00
 -0.1250000000000000E+00  0.0000000000000000E+00
    61    21    97    98     2     1

  0.7500000000000000E+00  0.0000000000000000E+00  0.8750000000000000E+00  0.1250000000000000E+00
  0.1250000000000000E+00 -0.1250000000000000E+00
    21    38    97   117     3     3

  0.7500000000000000E+00  0.3750000000000000E+00  0.7500000000000000E+00  0.2500000000000000E+00
 -0.1250000000000000E+00  0.0000000000000000E+00
    62    12    99   100     2     1

  0.6250000000000000E+00  0.5000000000000000E+00  0.7500000000000000E+00  0.5000000000000000E+00
  0.0000000000000000E+00 -0.1250000000000000E+00
    63    23   101   102     2     1

  0.7500000000000000E+00  0.5000000000000000E+00  0.6250000000000000E+00  0.6250000000000000E+00
  0.1250000000000000E+00  0.1250000000000000E+00
    23    36   101   113     3     3

  0.2500000000000000E+00  0.8750000000000000E+00  0.2500000000000000E+00  0.7500000000000000E+00
 -0.1250000000000000E+00  0.0000000000000000E+00
    65    11   104   105     2     1

  0.5000000000000000E+00  0.8750000000000000E+00  0.5000000000000000E+00  0.7500000000000000E+00
 -0.1250000000000000E+00  0.0000000000000000E+00
    67    19   107   108     2     1

  0.6250000000000000E+00  0.7500000000000000E+00  0.7500000000000000E+00  0.7500000000000000E+00
  0.0000000000000000E+00 -0.1250000000000000E+00
    69    13   110   111     2     1

  0.7500000000000000E+00  0.7500000000000000E+00  0.6250000000000000E+00  0.8750000000000000E+00
  0.1250000000000000E+00  0.1250000000000000E+00
    13    37   110   115     3     3

  0.7500000000000000E+00  0.6250000000000000E+00  0.7500000000000000E+00  0.5000000000000000E+00
 -0.1250000000000000E+00  0.0000000000000000E+00
    70    23   112   113     2     1

  0.7500000000000000E+00  0.8750000000000000E+00  0.7500000000000000E+00  0.7500000000000000E+00
 -0.1250000000000000E+00  0.0000000000000000E+00
    71    13   114   115     2     1

  0.8750000000000000E+00  0.2500000000000000E+00  0.1000000000000000E+01  0.2500000000000000E+00
  0.0000000000000000E+00 -0.1250000000000000E+00
    75    22   119   120     2     1

  0.1000000000000000E+01  0.2500000000000000E+00  0.8750000000000000E+00  0.3750000000000000E+00
  0.1250000000000000E+00  0.1250000000000000E+00
    22    39   119   121     3     3

  0.8750000000000000E+00  0.5000000000000000E+00  0.1000000000000000E+01  0.5000000000000000E+00
  0.0000000000000000E+00 -0.1250000000000000E+00
    77     8   122   123     2     1

  0.1000000000000000E+01  0.5000000000000000E+00  0.8750000000000000E+00  0.6250000000000000E+00
  0.1250000000000000E+00  0.1250000000000000E+00
     8    40   122   124     3     3

  0.8750000000000000E+00  0.7500000000000000E+00  0.1000000000000000E+01  0.7500000000000000E+00
  0.0000000000000000E+00 -0.1250000000000000E+00
    79    24   125   126     2     1

  0.1000000000000000E+01  0.7500000000000000E+00  0.8750000000000000E+00  0.8750000000000000E+00
  0.1250000000000000E+00  0.1250000000000000E+00
    24    41   125   127     3     3

  0.1250000000000000E+00  0.1000000000000000E+01  0.0000000000000000E+00  0.1000000000000000E+01
  0.0000000000000000E+00  0.1250000000000000E+00
    66     4     3   129     1     1

  0.0000000000000000E+00  0.6250000000000000E+00  0.0000000000000000E+00  0.5000000000000000E+00
 -0.1250000000000000E+00  0.0000000000000000E+00
    53     6     4   130     1     1

  0.6250000000000000E+00  0.1000000000000000E+01  0.5000000000000000E+00  0.1000000000000000E+01
  0.0000000000000000E+00  0.1250000000000000E+00
    72     9    15   131     3     1

  0.0000000000000000E+00  0.8750000000000000E+00  0.0000000000000000E+00  0.7500000000000000E+00
 -0.1250000000000000E+00  0.0000000000000000E+00
    64    18    23   132     1     1

  0.0000000000000000E+00  0.3750000000000000E+00  0.0000000000000000E+00  0.2500000000000000E+00
 -0.1250000000000000E+00  0.0000000000000000E+00
    44    15    33   133     3     1

  0.1250000000000000E+00  0.0000000000000000E+00  0.2500000000000000E+00  0.0000000000000000E+00
  0.0000000000000000E+00 -0.1250000000000000E+00
    55    16    41   134     3     1

  0.0000000000000000E+00  0.1250000000000000E+00  0.0000000000000000E+00  0.0000000000000000E+00
 -0.1250000000000000E+00  0.0000000000000000E+00
    54     1    42   135     3     1

  0.3750000000000000E+00  0.0000000000000000E+00  0.5000000000000000E+00  0.0000000000000000E+00
  0.0000000000000000E+00 -0.1250000000000000E+00
    57     7    44   136     3     1

  0.6250000000000000E+00  0.0000000000000000E+00  0.7500000000000000E+00  0.0000000000000000E+00
  0.0000000000000000E+00 -0.1250000000000000E+00
    60    21    45   137     3     1

  0.3750000000000000E+00  0.1000000000000000E+01  0.2500000000000000E+00  0.1000000000000000E+01
  0.0000000000000000E+00  0.1250000000000000E+00
    68    20    51   138     3     1

  0.1000000000000000E+01  0.1250000000000000E+00  0.1000000000000000E+01  0.2500000000000000E+00
  0.1250000000000000E+00  0.0000000000000000E+00
    74    22    57   139     3     1

  0.8750000000000000E+00  0.0000000000000000E+00  0.1000000000000000E+01  0.0000000000000000E+00
  0.0000000000000000E+00 -0.1250000000000000E+00
    73     2    58   140     3     1

  0.1000000000000000E+01  0.3750000000000000E+00  0.1000000000000000E+01  0.5000000000000000E+00
  0.1250000000000000E+00  0.0000000000000000E+00
    76     8    60   141     3     1

  0.1000000000000000E+01  0.6250000000000000E+00  0.1000000000000000E+01  0.7500000000000000E+00
  0.1250000000000000E+00  0.0000000000000000E+00
    78    24    61   142     3     1

  0.8750000000000000E+00  0.1000000000000000E+01  0.7500000000000000E+00  0.1000000000000000E+01
  0.0000000000000000E+00  0.1250000000000000E+00
    81    25    63   143     3     1

  0.1000000000000000E+01  0.8750000000000000E+00  0.1000000000000000E+01  0.1000000000000000E+01
  0.1250000000000000E+00  0.0000000000000000E+00
    80     3    64   144     3     1

  0.0000000000000000E+00  0.5000000000000000E+00  0.0000000000000000E+00  0.3750000000000000E+00
 -0.1250000000000000E+00  0.0000000000000000E+00
     6    44    69   145     1     1

  0.0000000000000000E+00  0.7500000000000000E+00  0.0000000000000000E+00  0.6250000000000000E+00
 -0.1250000000000000E+00  0.0000000000000000E+00
    18    53    86   146     1     1

  0.0000000000000000E+00  0.2500000000000000E+00  0.0000000000000000E+00  0.1250000000000000E+00
 -0.1250000000000000E+00  0.0000000000000000E+00
    15    54    87   147     1     1

  0.0000000000000000E+00  0.0000000000000000E+00  0.1250000000000000E+00  0.0000000000000000E+00
  0.0000000000000000E+00 -0.1250000000000000E+00
     1    55    88   148     1     1

  0.2500000000000000E+00  0.0000000000000000E+00  0.3750000000000000E+00  0.0000000000000000E+00
  0.0000000000000000E+00 -0.1250000000000000E+00
    16    57    91   149     1     1

  0.5000000000000000E+00  0.0000000000000000E+00  0.6250000000000000E+00  0.0000000000000000E+00
  0.0000000000000000E+00 -0.1250000000000000E+00
     7    60    96   150     1     1

  0.0000000000000000E+00  0.1000000000000000E+01  0.0000000000000000E+00  0.8750000000000000E+00
 -0.1250000000000000E+00  0.0000000000000000E+00
     4    64   103   151     1     1

  0.2500000000000000E+00  0.1000000000000000E+01  0.1250000000000000E+00  0.1000000000000000E+01
  0.0000000000000000E+00  0.1250000000000000E+00
    20    66   106   152     1     1

  0.5000000000000000E+00  0.1000000000000000E+01  0.3750000000000000E+00  0.1000000000000000E+01
  0.0000000000000000E+00  0.1250000000000000E+00
     9    68   109   153     1     1

  0.7500000000000000E+00  0.1000000000000000E+01  0.6250000000000000E+00  0.1000000000000000E+01
  0.0000000000000000E+00  0.1250000000000000E+00
    25    72   116   154     1     1

  0.7500000000000000E+00  0.0000000000000000E+00  0.8750000000000000E+00  0.0000000000000000E+00
  0.0000000000000000E+00 -0.1250000000000000E+00
    21    73   117   155     1     1

  0.1000000000000000E+01  0.0000000000000000E+00  0.1000000000000000E+01  0.1250000000000000E+00
  0.1250000000000000E+00  0.0000000000000000E+00
     2    74   118   156     1     1

  0.1000000000000000E+01  0.2500000000000000E+00  0.1000000000000000E+01  0.3750000000000000E+00
  0.1250000000000000E+00  0.0000000000000000E+00
    22    76   121   157     1     1

  0.1000000000000000E+01  0.5000000000000000E+00  0.1000000000000000E+01  0.6250000000000000E+00
  0.1250000000000000E+00  0.0000000000000000E+00
     8    78   124   158     1     1

  0.1000000000000000E+01  0.7500000000000000E+00  0.1000000000000000E+01  0.8750000000000000E+00
  0.1250000000000000E+00  0.0000000000000000E+00
    24    80   127   159     1     1

  0.1000000000000000E+01  0.1000000000000000E+01  0.8750000000000000E+00  0.1000000000000000E+01
  0.0000000000000000E+00  0.1250000000000000E+00
     3    81   128   160     1     1

  0.7500000000000000E+00  0.6250000000000000E+00  0.7500000000000000E+00  0.7500000000000000E+00  0.6250000000000000E+00  0.6250000000000000E+00
 -0.1250000000000000E+00  0.1250000000000000E+00  0.0000000000000000E+00 -0.1250000000000000E+00  0.1250000000000000E+00  0.0000000000000000E+00
  0.7812500000000000E-02  0.1767766922712326E+00
    70    13    36   111   113    29     3     2     1
  0.1250000000000000E+00  0.3750000000000000E+00  0.2500000000000000E+00  0.3750000000000000E+00  0.2500000000000000E+00  0.5000000000000000E+00
  0.1250000000000000E+00  0.0000000000000000E+00 -0.1250000000000000E+00  0.1250000000000000E+00  0.0000000000000000E+00 -0.1250000000000000E+00
  0.7812500000000000E-02  0.1767766922712326E+00
    26    42    14    36    68    66     3     3     2
  0.1250000000000000E+00  0.8750000000000000E+00  0.1250000000000000E+00  0.1000000000000000E+01  0.0000000000000000E+00  0.1000000000000000E+01
  0.0000000000000000E+00  0.1250000000000000E+00 -0.1250000000000000E+00 -0.1250000000000000E+00  0.1250000000000000E+00  0.0000000000000000E+00
  0.7812500000000000E-02  0.1767766922712326E+00
    34    66     4   129   103   106     0     3     2
  0.1250000000000000E+00  0.6250000000000000E+00  0.0000000000000000E+00  0.6250000000000000E+00  0.0000000000000000E+00  0.5000000000000000E+00
 -0.1250000000000000E+00  0.0000000000000000E+00  0.1250000000000000E+00 -0.1250000000000000E+00  0.0000000000000000E+00  0.1250000000000000E+00
  0.7812500000000000E-02  0.1767766922712326E+00
    29    53     6   130    12    86     0     2     2
  0.5000000000000000E+00  0.5000000000000000E+00  0.3750000000000000E+00  0.3750000000000000E+00  0.5000000000000000E+00  0.3750000000000000E+00
  0.0000000000000000E+00 -0.1250000000000000E+00  0.1250000000000000E+00  0.0000000000000000E+00 -0.1250000000000000E+00  0.1250000000000000E+00
  0.7812500000000000E-02  0.1767766922712326E+00
     5    27    48    77     6    73     2     2     3
  0.5000000000000000E+00  0.3750000000000000E+00  0.6250000000000000E+00  0.3750000000000000E+00  0.5000000000000000E+00  0.5000000000000000E+00
  0.1250000000000000E+00  0.1250000000000000E+00 -0.1250000000000000E+00  0.0000000000000000E+00  0.0000000000000000E+00 -0.1250000000000000E+00
  0.7812500000000000E-02  0.1767766922712326E+00
    48    33     5     7     5    76     3     2     1
  0.5000000000000000E+00  0.5000000000000000E+00  0.6250000000000000E+00  0.3750000000000000E+00  0.6250000000000000E+00  0.5000000000000000E+00
  0.1250000000000000E+00  0.0000000000000000E+00  0.0000000000000000E+00  0.1250000000000000E+00 -0.1250000000000000E+00 -0.1250000000000000E+00
  0.7812500000000000E-02  0.1767766922712326E+00
     5    33    63   102    53     6     2     3     1
  0.5000000000000000E+00  0.8750000000000000E+00  0.6250000000000000E+00  0.8750000000000000E+00  0.5000000000000000E+00  0.1000000000000000E+01
  0.1250000000000000E+00  0.1250000000000000E+00 -0.1250000000000000E+00  0.0000000000000000E+00  0.0000000000000000E+00 -0.1250000000000000E+00
  0.7812500000000000E-02  0.1767766922712326E+00
    67    37     9    15    52   107     1     3     1
  0.2500000000000000E+00  0.1250000000000000E+00  0.3750000000000000E+00  0.1250000000000000E+00  0.2500000000000000E+00  0.2500000000000000E+00
  0.1250000000000000E+00  0.1250000000000000E+00 -0.1250000000000000E+00  0.0000000000000000E+00  0.0000000000000000E+00 -0.1250000000000000E+00
  0.7812500000000000E-02  0.1767766922712326E+00
    56    31    10    74    20    89     3     2     1
  0.1250000000000000E+00  0.2500000000000000E+00  0.1250000000000000E+00  0.1250000000000000E+00  0.2500000000000000E+00  0.2500000000000000E+00
  0.1250000000000000E+00 -0.1250000000000000E+00  0.0000000000000000E+00  0.1250000000000000E+00 -0.1250000000000000E+00  0.0000000000000000E+00
  0.7812500000000000E-02  0.1767766922712326E+00
    45    30    10    20    19    70     3     2     1
  0.3750000000000000E+00  0.7500000000000000E+00  0.3750000000000000E+00  0.8750000000000000E+00  0.2500000000000000E+00  0.7500000000000000E+00
 -0.1250000000000000E+00  0.1250000000000000E+00  0.0000000000000000E+00 -0.1250000000000000E+00  0.1250000000000000E+00  0.0000000000000000E+00
  0.7812500000000000E-02  0.1767766922712326E+00
    51    35    11   104    25    82     3     2     1
  0.0000000000000000E+00  0.5000000000000000E+00  0.1250000000000000E+00  0.5000000000000000E+00  0.1250000000000000E+00  0.6250000000000000E+00
  0.1250000000000000E+00  0.0000000000000000E+00 -0.1250000000000000E+00  0.1250000000000000E+00  0.0000000000000000E+00 -0.1250000000000000E+00
  0.7812500000000000E-02  0.1767766922712326E+00
     6    43    29    67     4    34     1     2     3
  0.8750000000000000E+00  0.2500000000000000E+00  0.8750000000000000E+00  0.3750000000000000E+00  0.7500000000000000E+00  0.2500000000000000E+00
 -0.1250000000000000E+00  0.1250000000000000E+00  0.0000000000000000E+00 -0.1250000000000000E+00  0.1250000000000000E+00  0.0000000000000000E+00
  0.7812500000000000E-02  0.1767766922712326E+00
    75    39    12    99    28   119     3     2     1
  0.7500000000000000E+00  0.1250000000000000E+00  0.8750000000000000E+00  0.1250000000000000E+00  0.7500000000000000E+00  0.2500000000000000E+00
  0.1250000000000000E+00  0.1250000000000000E+00 -0.1250000000000000E+00  0.0000000000000000E+00  0.0000000000000000E+00 -0.1250000000000000E+00
  0.7812500000000000E-02  0.1767766922712326E+00
    61    38    12    28    27    97     3     2     1
  0.6250000000000000E+00  0.1000000000000000E+01  0.5000000000000000E+00  0.1000000000000000E+01  0.6250000000000000E+00  0.8750000000000000E+00
 -0.1250000000000000E+00 -0.1250000000000000E+00  0.1250000000000000E+00  0.0000000000000000E+00  0.0000000000000000E+00  0.1250000000000000E+00
  0.7812500000000000E-02  0.1767766922712326E+00
    72     9    37     8   116   131     1     2     0
  0.8750000000000000E+00  0.7500000000000000E+00  0.8750000000000000E+00  0.8750000000000000E+00  0.7500000000000000E+00  0.7500000000000000E+00
 -0.1250000000000000E+00  0.1250000000000000E+00  0.0000000000000000E+00 -0.1250000000000000E+00  0.1250000000000000E+00  0.0000000000000000E+00
  0.7812500000000000E-02  0.1767766922712326E+00
    79    41    13   114    31   125     3     2     1
  0.3750000000000000E+00  0.6250000000000000E+00  0.2500000000000000E+00  0.6250000000000000E+00  0.2500000000000000E+00  0.5000000000000000E+00
 -0.1250000000000000E+00  0.0000000000000000E+00  0.1250000000000000E+00 -0.1250000000000000E+00  0.0000000000000000E+00  0.1250000000000000E+00
  0.7812500000000000E-02  0.1767766922712326E+00
    28    49    14    40    38    79     3     2     2
  0.3750000000000000E+00  0.3750000000000000E+00  0.3750000000000000E+00  0.5000000000000000E+00  0.2500000000000000E+00  0.5000000000000000E+00
  0.0000000000000000E+00  0.1250000000000000E+00 -0.1250000000000000E+00 -0.1250000000000000E+00  0.1250000000000000E+00  0.0000000000000000E+00
  0.7812500000000000E-02  0.1767766922712326E+00
    27    46    14    38    36    73     3     2     2
  0.2500000000000000E+00  0.2500000000000000E+00  0.1250000000000000E+00  0.3750000000000000E+00  0.1250000000000000E+00  0.2500000000000000E+00
 -0.1250000000000000E+00  0.0000000000000000E+00  0.0000000000000000E+00 -0.1250000000000000E+00  0.1250000000000000E+00  0.1250000000000000E+00
  0.7812500000000000E-02  0.1767766922712326E+00
    10    26    45    71    10    66     2     2     3
  0.2500000000000000E+00  0.2500000000000000E+00  0.1250000000000000E+00  0.1250000000000000E+00  0.2500000000000000E+00  0.1250000000000000E+00
  0.0000000000000000E+00 -0.1250000000000000E+00  0.1250000000000000E+00  0.0000000000000000E+00 -0.1250000000000000E+00  0.1250000000000000E+00
  0.7812500000000000E-02  0.1767766922712326E+00
    10    30    56    90     9    10     2     2     1
  0.6250000000000000E+00  0.1250000000000000E+00  0.6250000000000000E+00  0.2500000000000000E+00  0.5000000000000000E+00  0.2500000000000000E+00
  0.0000000000000000E+00  0.1250000000000000E+00 -0.1250000000000000E+00 -0.1250000000000000E+00  0.1250000000000000E+00  0.0000000000000000E+00
  0.7812500000000000E-02  0.1767766922712326E+00
    32    59    17    48    46    95     3     2     2
  0.3750000000000000E+00  0.2500000000000000E+00  0.3750000000000000E+00  0.1250000000000000E+00  0.5000000000000000E+00  0.2500000000000000E+00
  0.1250000000000000E+00 -0.1250000000000000E+00  0.0000000000000000E+00  0.1250000000000000E+00 -0.1250000000000000E+00  0.0000000000000000E+00
  0.7812500000000000E-02  0.1767766922712326E+00
    47    31    17    43    35    74     1     3     1
  0.1250000000000000E+00  0.8750000000000000E+00  0.0000000000000000E+00  0.8750000000000000E+00  0.0000000000000000E+00  0.7500000000000000E+00
 -0.1250000000000000E+00  0.0000000000000000E+00  0.1250000000000000E+00 -0.1250000000000000E+00  0.0000000000000000E+00  0.1250000000000000E+00
  0.7812500000000000E-02  0.1767766922712326E+00
    34    64    18   132    50   103     0     2     2
  0.6250000000000000E+00  0.6250000000000000E+00  0.6250000000000000E+00  0.7500000000000000E+00  0.5000000000000000E+00  0.7500000000000000E+00
  0.0000000000000000E+00  0.1250000000000000E+00 -0.1250000000000000E+00 -0.1250000000000000E+00  0.1250000000000000E+00  0.0000000000000000E+00
  0.7812500000000000E-02  0.1767766922712326E+00
    36    69    19    56    54   111     3     2     2
  0.2500000000000000E+00  0.7500000000000000E+00  0.3750000000000000E+00  0.6250000000000000E+00  0.3750000000000000E+00  0.7500000000000000E+00
  0.1250000000000000E+00  0.0000000000000000E+00  0.0000000000000000E+00  0.1250000000000000E+00 -0.1250000000000000E+00 -0.1250000000000000E+00
  0.7812500000000000E-02  0.1767766922712326E+00
    11    28    51    83    11    79     2     2     3
  0.2500000000000000E+00  0.8750000000000000E+00  0.3750000000000000E+00  0.8750000000000000E+00  0.2500000000000000E+00  0.1000000000000000E+01
  0.1250000000000000E+00  0.1250000000000000E+00 -0.1250000000000000E+00  0.0000000000000000E+00  0.0000000000000000E+00 -0.1250000000000000E+00
  0.7812500000000000E-02  0.1767766922712326E+00
    65    35    20    51    49   104     1     3     1
  0.7500000000000000E+00  0.2500000000000000E+00  0.6250000000000000E+00  0.1250000000000000E+00  0.7500000000000000E+00  0.1250000000000000E+00
  0.0000000000000000E+00 -0.1250000000000000E+00  0.1250000000000000E+00  0.0000000000000000E+00 -0.1250000000000000E+00  0.1250000000000000E+00
  0.7812500000000000E-02  0.1767766922712326E+00
    12    32    61    98    14    95     2     2     3
  0.7500000000000000E+00  0.2500000000000000E+00  0.8750000000000000E+00  0.1250000000000000E+00  0.8750000000000000E+00  0.2500000000000000E+00
  0.1250000000000000E+00  0.0000000000000000E+00  0.0000000000000000E+00  0.1250000000000000E+00 -0.1250000000000000E+00 -0.1250000000000000E+00
  0.7812500000000000E-02  0.1767766922712326E+00
    12    38    75   120    13    14     2     2     1
  0.8750000000000000E+00  0.6250000000000000E+00  0.7500000000000000E+00  0.7500000000000000E+00  0.7500000000000000E+00  0.6250000000000000E+00
 -0.1250000000000000E+00  0.0000000000000000E+00  0.0000000000000000E+00 -0.1250000000000000E+00  0.1250000000000000E+00  0.1250000000000000E+00
  0.7812500000000000E-02  0.1767766922712326E+00
    40    13    70     1   112    31     3     1     3
  0.7500000000000000E+00  0.3750000000000000E+00  0.8750000000000000E+00  0.3750000000000000E+00  0.7500000000000000E+00  0.5000000000000000E+00
  0.1250000000000000E+00  0.1250000000000000E+00 -0.1250000000000000E+00  0.0000000000000000E+00  0.0000000000000000E+00 -0.1250000000000000E+00
  0.7812500000000000E-02  0.1767766922712326E+00
    62    39    23    59    47    99     1     3     1
  0.7500000000000000E+00  0.7500000000000000E+00  0.8750000000000000E+00  0.6250000000000000E+00  0.8750000000000000E+00  0.7500000000000000E+00
  0.1250000000000000E+00  0.0000000000000000E+00  0.0000000000000000E+00  0.1250000000000000E+00 -0.1250000000000000E+00 -0.1250000000000000E+00
  0.7812500000000000E-02  0.1767766922712326E+00
    13    40    79   126    16    29     2     2     3
  0.7500000000000000E+00  0.8750000000000000E+00  0.8750000000000000E+00  0.8750000000000000E+00  0.7500000000000000E+00  0.1000000000000000E+01
  0.1250000000000000E+00  0.1250000000000000E+00 -0.1250000000000000E+00  0.0000000000000000E+00  0.0000000000000000E+00 -0.1250000000000000E+00
  0.7812500000000000E-02  0.1767766922712326E+00
    71    41    25    63    55   114     1     3     1
  0.0000000000000000E+00  0.3750000000000000E+00  0.0000000000000000E+00  0.2500000000000000E+00  0.1250000000000000E+00  0.3750000000000000E+00
  0.1250000000000000E+00 -0.1250000000000000E+00  0.0000000000000000E+00  0.1250000000000000E+00 -0.1250000000000000E+00  0.0000000000000000E+00
  0.7812500000000000E-02  0.1767766922712326E+00
    44    15    26    71    69   133     3     2     0
  0.1250000000000000E+00  0.5000000000000000E+00  0.0000000000000000E+00  0.5000000000000000E+00  0.1250000000000000E+00  0.3750000000000000E+00
 -0.1250000000000000E+00 -0.1250000000000000E+00  0.1250000000000000E+00  0.0000000000000000E+00  0.0000000000000000E+00  0.1250000000000000E+00
  0.7812500000000000E-02  0.1767766922712326E+00
    43     6    26    69    68    12     3     2     3
  0.3750000000000000E+00  0.2500000000000000E+00  0.5000000000000000E+00  0.2500000000000000E+00  0.3750000000000000E+00  0.3750000000000000E+00
  0.1250000000000000E+00  0.1250000000000000E+00 -0.1250000000000000E+00  0.0000000000000000E+00  0.0000000000000000E+00 -0.1250000000000000E+00
  0.7812500000000000E-02  0.1767766922712326E+00
    47    17    27    77    75    22     3     2     2
  0.2500000000000000E+00  0.5000000000000000E+00  0.2500000000000000E+00  0.3750000000000000E+00  0.3750000000000000E+00  0.3750000000000000E+00
  0.0000000000000000E+00 -0.1250000000000000E+00  0.1250000000000000E+00  0.1250000000000000E+00 -0.1250000000000000E+00  0.0000000000000000E+00
  0.7812500000000000E-02  0.1767766922712326E+00
    14    42    27    65    18     2     1     2     1
  0.5000000000000000E+00  0.6250000000000000E+00  0.5000000000000000E+00  0.7500000000000000E+00  0.3750000000000000E+00  0.6250000000000000E+00
 -0.1250000000000000E+00  0.1250000000000000E+00  0.0000000000000000E+00 -0.1250000000000000E+00  0.1250000000000000E+00  0.0000000000000000E+00
  0.7812500000000000E-02  0.1767766922712326E+00
    50    19    28    83    81    54     3     2     3
  0.2500000000000000E+00  0.5000000000000000E+00  0.3750000000000000E+00  0.5000000000000000E+00  0.3750000000000000E+00  0.6250000000000000E+00
  0.1250000000000000E+00  0.0000000000000000E+00 -0.1250000000000000E+00  0.1250000000000000E+00  0.0000000000000000E+00 -0.1250000000000000E+00
  0.7812500000000000E-02  0.1767766922712326E+00
    14    46    28    72    17    18     1     2     1
  0.1250000000000000E+00  0.7500000000000000E+00  0.0000000000000000E+00  0.7500000000000000E+00  0.1250000000000000E+00  0.6250000000000000E+00
 -0.1250000000000000E+00 -0.1250000000000000E+00  0.1250000000000000E+00  0.0000000000000000E+00  0.0000000000000000E+00  0.1250000000000000E+00
  0.7812500000000000E-02  0.1767766922712326E+00
    52    18    29    86    85    50     3     2     3
  0.2500000000000000E+00  0.5000000000000000E+00  0.2500000000000000E+00  0.6250000000000000E+00  0.1250000000000000E+00  0.6250000000000000E+00
  0.0000000000000000E+00  0.1250000000000000E+00 -0.1250000000000000E+00 -0.1250000000000000E+00  0.1250000000000000E+00  0.0000000000000000E+00
  0.7812500000000000E-02  0.1767766922712326E+00
    14    49    29    78    67    17     1     3     1
  0.1250000000000000E+00  0.0000000000000000E+00  0.2500000000000000E+00  0.0000000000000000E+00  0.1250000000000000E+00  0.1250000000000000E+00
  0.1250000000000000E+00  0.1250000000000000E+00 -0.1250000000000000E+00  0.0000000000000000E+00  0.0000000000000000E+00 -0.1250000000000000E+00
  0.7812500000000000E-02  0.1767766922712326E+00
    55    16    30    90    88   134     3     2     0
  0.0000000000000000E+00  0.1250000000000000E+00  0.0000000000000000E+00  0.0000000000000000E+00  0.1250000000000000E+00  0.1250000000000000E+00
  0.1250000000000000E+00 -0.1250000000000000E+00  0.0000000000000000E+00  0.1250000000000000E+00 -0.1250000000000000E+00  0.0000000000000000E+00
  0.7812500000000000E-02  0.1767766922712326E+00
    54     1    30    88    87   135     3     2     0
  0.5000000000000000E+00  0.1250000000000000E+00  0.5000000000000000E+00  0.2500000000000000E+00  0.3750000000000000E+00  0.1250000000000000E+00
 -0.1250000000000000E+00  0.1250000000000000E+00  0.0000000000000000E+00 -0.1250000000000000E+00  0.1250000000000000E+00  0.0000000000000000E+00
  0.7812500000000000E-02  0.1767766922712326E+00
    58    17    31    22    93    46     1     2     3
  0.3750000000000000E+00  0.0000000000000000E+00  0.5000000000000000E+00  0.0000000000000000E+00  0.3750000000000000E+00  0.1250000000000000E+00
  0.1250000000000000E+00  0.1250000000000000E+00 -0.1250000000000000E+00  0.0000000000000000E+00  0.0000000000000000E+00 -0.1250000000000000E+00
  0.7812500000000000E-02  0.1767766922712326E+00
    57     7    31    93    91   136     3     2     0
  0.6250000000000000E+00  0.0000000000000000E+00  0.7500000000000000E+00  0.0000000000000000E+00  0.6250000000000000E+00  0.1250000000000000E+00
  0.1250000000000000E+00  0.1250000000000000E+00 -0.1250000000000000E+00  0.0000000000000000E+00  0.0000000000000000E+00 -0.1250000000000000E+00
  0.7812500000000000E-02  0.1767766922712326E+00
    60    21    32    98    96   137     3     2     0
  0.5000000000000000E+00  0.2500000000000000E+00  0.5000000000000000E+00  0.1250000000000000E+00  0.6250000000000000E+00  0.1250000000000000E+00
  0.0000000000000000E+00 -0.1250000000000000E+00  0.1250000000000000E+00  0.1250000000000000E+00 -0.1250000000000000E+00  0.0000000000000000E+00
  0.7812500000000000E-02  0.1767766922712326E+00
    17    58    32    92    21    43     1     2     3
  0.7500000000000000E+00  0.3750000000000000E+00  0.7500000000000000E+00  0.5000000000000000E+00  0.6250000000000000E+00  0.3750000000000000E+00
 -0.1250000000000000E+00  0.1250000000000000E+00  0.0000000000000000E+00 -0.1250000000000000E+00  0.1250000000000000E+00  0.0000000000000000E+00
  0.7812500000000000E-02  0.1767766922712326E+00
    62    23    33   102   100    30     3     2     2
  0.5000000000000000E+00  0.2500000000000000E+00  0.6250000000000000E+00  0.2500000000000000E+00  0.6250000000000000E+00  0.3750000000000000E+00
  0.1250000000000000E+00  0.0000000000000000E+00 -0.1250000000000000E+00  0.1250000000000000E+00  0.0000000000000000E+00 -0.1250000000000000E+00
  0.7812500000000000E-02  0.1767766922712326E+00
    17    59    33    94    76    21     1     3     1
  0.2500000000000000E+00  0.8750000000000000E+00  0.2500000000000000E+00  0.1000000000000000E+01  0.1250000000000000E+00  0.8750000000000000E+00
 -0.1250000000000000E+00  0.1250000000000000E+00  0.0000000000000000E+00 -0.1250000000000000E+00  0.1250000000000000E+00  0.0000000000000000E+00
  0.7812500000000000E-02  0.1767766922712326E+00
    65    20    34   106   105    26     3     2     2
  0.0000000000000000E+00  0.7500000000000000E+00  0.1250000000000000E+00  0.7500000000000000E+00  0.1250000000000000E+00  0.8750000000000000E+00
  0.1250000000000000E+00  0.0000000000000000E+00 -0.1250000000000000E+00  0.1250000000000000E+00  0.0000000000000000E+00 -0.1250000000000000E+00
  0.7812500000000000E-02  0.1767766922712326E+00
    18    52    34    84    23    39     1     2     3
  0.3750000000000000E+00  0.1000000000000000E+01  0.2500000000000000E+00  0.1000000000000000E+01  0.3750000000000000E+00  0.8750000000000000E+00
 -0.1250000000000000E+00 -0.1250000000000000E+00  0.1250000000000000E+00  0.0000000000000000E+00  0.0000000000000000E+00  0.1250000000000000E+00
  0.7812500000000000E-02  0.1767766922712326E+00
    68    20    35    26   109   138     1     2     0
  0.5000000000000000E+00  0.8750000000000000E+00  0.5000000000000000E+00  0.1000000000000000E+01  0.3750000000000000E+00  0.8750000000000000E+00
 -0.1250000000000000E+00  0.1250000000000000E+00  0.0000000000000000E+00 -0.1250000000000000E+00  0.1250000000000000E+00  0.0000000000000000E+00
  0.7812500000000000E-02  0.1767766922712326E+00
    67     9    35   109   108     8     3     2     2
  0.5000000000000000E+00  0.5000000000000000E+00  0.6250000000000000E+00  0.5000000000000000E+00  0.6250000000000000E+00  0.6250000000000000E+00
  0.1250000000000000E+00  0.0000000000000000E+00 -0.1250000000000000E+00  0.1250000000000000E+00  0.0000000000000000E+00 -0.1250000000000000E+00
  0.7812500000000000E-02  0.1767766922712326E+00
     5    63    36   101    80     7     1     3     2
  0.5000000000000000E+00  0.7500000000000000E+00  0.5000000000000000E+00  0.6250000000000000E+00  0.6250000000000000E+00  0.6250000000000000E+00
  0.0000000000000000E+00 -0.1250000000000000E+00  0.1250000000000000E+00  0.1250000000000000E+00 -0.1250000000000000E+00  0.0000000000000000E+00
  0.7812500000000000E-02  0.1767766922712326E+00
    19    50    36    80    24    37     1     2     3
  0.7500000000000000E+00  0.8750000000000000E+00  0.7500000000000000E+00  0.1000000000000000E+01  0.6250000000000000E+00  0.8750000000000000E+00
 -0.1250000000000000E+00  0.1250000000000000E+00  0.0000000000000000E+00 -0.1250000000000000E+00  0.1250000000000000E+00  0.0000000000000000E+00
  0.7812500000000000E-02  0.1767766922712326E+00
    71    25    37   116   115    32     3     2     2
  0.5000000000000000E+00  0.7500000000000000E+00  0.6250000000000000E+00  0.7500000000000000E+00  0.6250000000000000E+00  0.8750000000000000E+00
  0.1250000000000000E+00  0.0000000000000000E+00 -0.1250000000000000E+00  0.1250000000000000E+00  0.0000000000000000E+00 -0.1250000000000000E+00
  0.7812500000000000E-02  0.1767766922712326E+00
    19    69    37   110   107    24     1     3     1
  0.1000000000000000E+01  0.1250000000000000E+00  0.1000000000000000E+01  0.2500000000000000E+00  0.8750000000000000E+00  0.1250000000000000E+00
 -0.1250000000000000E+00  0.1250000000000000E+00  0.0000000000000000E+00 -0.1250000000000000E+00  0.1250000000000000E+00  0.0000000000000000E+00
  0.7812500000000000E-02  0.1767766922712326E+00
    74    22    38   120   118   139     3     2     0
  0.8750000000000000E+00  0.0000000000000000E+00  0.1000000000000000E+01  0.0000000000000000E+00  0.8750000000000000E+00  0.1250000000000000E+00
  0.1250000000000000E+00  0.1250000000000000E+00 -0.1250000000000000E+00  0.0000000000000000E+00  0.0000000000000000E+00 -0.1250000000000000E+00
  0.7812500000000000E-02  0.1767766922712326E+00
    73     2    38   118   117   140     3     2     0
  0.8750000000000000E+00  0.5000000000000000E+00  0.7500000000000000E+00  0.5000000000000000E+00  0.8750000000000000E+00  0.3750000000000000E+00
 -0.1250000000000000E+00 -0.1250000000000000E+00  0.1250000000000000E+00  0.0000000000000000E+00  0.0000000000000000E+00  0.1250000000000000E+00
  0.7812500000000000E-02  0.1767766922712326E+00
    77    23    39    30   123    62     1     2     3
  0.1000000000000000E+01  0.3750000000000000E+00  0.1000000000000000E+01  0.5000000000000000E+00  0.8750000000000000E+00  0.3750000000000000E+00
 -0.1250000000000000E+00  0.1250000000000000E+00  0.0000000000000000E+00 -0.1250000000000000E+00  0.1250000000000000E+00  0.0000000000000000E+00
  0.7812500000000000E-02  0.1767766922712326E+00
    76     8    39   123   121   141     3     2     0
  0.1000000000000000E+01  0.6250000000000000E+00  0.1000000000000000E+01  0.7500000000000000E+00  0.8750000000000000E+00  0.6250000000000000E+00
 -0.1250000000000000E+00  0.1250000000000000E+00  0.0000000000000000E+00 -0.1250000000000000E+00  0.1250000000000000E+00  0.0000000000000000E+00
  0.7812500000000000E-02  0.1767766922712326E+00
    78    24    40   126   124   142     3     2     0
  0.7500000000000000E+00  0.5000000000000000E+00  0.8750000000000000E+00  0.5000000000000000E+00  0.8750000000000000E+00  0.6250000000000000E+00
  0.1250000000000000E+00  0.0000000000000000E+00 -0.1250000000000000E+00  0.1250000000000000E+00  0.0000000000000000E+00 -0.1250000000000000E+00
  0.7812500000000000E-02  0.1767766922712326E+00
    23    77    40   122   112    59     1     3     3
  0.8750000000000000E+00  0.1000000000000000E+01  0.7500000000000000E+00  0.1000000000000000E+01  0.8750000000000000E+00  0.8750000000000000E+00
 -0.1250000000000000E+00 -0.1250000000000000E+00  0.1250000000000000E+00  0.0000000000000000E+00  0.0000000000000000E+00  0.1250000000000000E+00
  0.7812500000000000E-02  0.1767766922712326E+00
    81    25    41    32   128   143     1     2     0
  0.1000000000000000E+01  0.8750000000000000E+00  0.1000000000000000E+01  0.1000000000000000E+01  0.8750000000000000E+00  0.8750000000000000E+00
 -0.1250000000000000E+00  0.1250000000000000E+00  0.0000000000000000E+00 -0.1250000000000000E+00  0.1250000000000000E+00  0.0000000000000000E+00
  0.7812500000000000E-02  0.1767766922712326E+00
    80     3    41   128   127   144     3     2     0
  0.2500000000000000E+00  0.2500000000000000E+00  0.3750000000000000E+00  0.3750000000000000E+00  0.2500000000000000E+00  0.3750000000000000E+00
  0.0000000000000000E+00  0.1250000000000000E+00 -0.1250000000000000E+00  0.0000000000000000E+00  0.1250000000000000E+00 -0.1250000000000000E+00
  0.7812500000000000E-02  0.1767766922712326E+00
    10    27    42    36    66    75     1     1     3
  0.1250000000000000E+00  0.3750000000000000E+00  0.2500000000000000E+00  0.2500000000000000E+00  0.2500000000000000E+00  0.3750000000000000E+00
  0.1250000000000000E+00  0.0000000000000000E+00  0.0000000000000000E+00  0.1250000000000000E+00 -0.1250000000000000E+00 -0.1250000000000000E+00
  0.7812500000000000E-02  0.1767766922712326E+00
    26    10    42    65     2    19     2     3     3
  0.2500000000000000E+00  0.5000000000000000E+00  0.1250000000000000E+00  0.6250000000000000E+00  0.1250000000000000E+00  0.5000000000000000E+00
 -0.1250000000000000E+00  0.0000000000000000E+00  0.0000000000000000E+00 -0.1250000000000000E+00  0.1250000000000000E+00  0.1250000000000000E+00
  0.7812500000000000E-02  0.1767766922712326E+00
    14    29    43    12    68    40     1     1     2
  0.1250000000000000E+00  0.3750000000000000E+00  0.2500000000000000E+00  0.5000000000000000E+00  0.1250000000000000E+00  0.5000000000000000E+00
  0.0000000000000000E+00  0.1250000000000000E+00 -0.1250000000000000E+00  0.0000000000000000E+00  0.1250000000000000E+00 -0.1250000000000000E+00
  0.7812500000000000E-02  0.1767766922712326E+00
    26    14    43    67    34     2     2     2     2
  0.1250000000000000E+00  0.3750000000000000E+00  0.0000000000000000E+00  0.5000000000000000E+00  0.0000000000000000E+00  0.3750000000000000E+00
 -0.1250000000000000E+00  0.0000000000000000E+00  0.0000000000000000E+00 -0.1250000000000000E+00  0.1250000000000000E+00  0.1250000000000000E+00
  0.7812500000000000E-02  0.1767766922712326E+00
    26     6    44   145    33    34     0     2     1
  0.0000000000000000E+00  0.2500000000000000E+00  0.1250000000000000E+00  0.1250000000000000E+00  0.1250000000000000E+00  0.2500000000000000E+00
  0.1250000000000000E+00  0.0000000000000000E+00  0.0000000000000000E+00  0.1250000000000000E+00 -0.1250000000000000E+00 -0.1250000000000000E+00
  0.7812500000000000E-02  0.1767766922712326E+00
    15    30    45    10    71    87     3     1     3
  0.1250000000000000E+00  0.3750000000000000E+00  0.0000000000000000E+00  0.2500000000000000E+00  0.1250000000000000E+00  0.2500000000000000E+00
  0.0000000000000000E+00 -0.1250000000000000E+00  0.1250000000000000E+00  0.0000000000000000E+00 -0.1250000000000000E+00  0.1250000000000000E+00
  0.7812500000000000E-02  0.1767766922712326E+00
    26    15    45    70    19    33     2     1     1
  0.5000000000000000E+00  0.5000000000000000E+00  0.3750000000000000E+00  0.6250000000000000E+00  0.3750000000000000E+00  0.5000000000000000E+00
 -0.1250000000000000E+00  0.0000000000000000E+00  0.0000000000000000E+00 -0.1250000000000000E+00  0.1250000000000000E+00  0.1250000000000000E+00
  0.7812500000000000E-02  0.1767766922712326E+00
     5    28    46    38    73    81     1     1     3
  0.3750000000000000E+00  0.3750000000000000E+00  0.5000000000000000E+00  0.5000000000000000E+00  0.3750000000000000E+00  0.5000000000000000E+00
  0.0000000000000000E+00  0.1250000000000000E+00 -0.1250000000000000E+00  0.0000000000000000E+00  0.1250000000000000E+00 -0.1250000000000000E+00
  0.7812500000000000E-02  0.1767766922712326E+00
    27     5    46    72    18     5     2     3     3
  0.2500000000000000E+00  0.2500000000000000E+00  0.3750000000000000E+00  0.1250000000000000E+00  0.3750000000000000E+00  0.2500000000000000E+00
  0.1250000000000000E+00  0.0000000000000000E+00  0.0000000000000000E+00  0.1250000000000000E+00 -0.1250000000000000E+00 -0.1250000000000000E+00
  0.7812500000000000E-02  0.1767766922712326E+00
    10    31    47    22    75     9     3     1     1
  0.3750000000000000E+00  0.3750000000000000E+00  0.2500000000000000E+00  0.2500000000000000E+00  0.3750000000000000E+00  0.2500000000000000E+00
  0.0000000000000000E+00 -0.1250000000000000E+00  0.1250000000000000E+00  0.0000000000000000E+00 -0.1250000000000000E+00  0.1250000000000000E+00
  0.7812500000000000E-02  0.1767766922712326E+00
    27    10    47    74    35    65     2     2     3
  0.5000000000000000E+00  0.2500000000000000E+00  0.6250000000000000E+00  0.3750000000000000E+00  0.5000000000000000E+00  0.3750000000000000E+00
  0.0000000000000000E+00  0.1250000000000000E+00 -0.1250000000000000E+00  0.0000000000000000E+00  0.1250000000000000E+00 -0.1250000000000000E+00
  0.7812500000000000E-02  0.1767766922712326E+00
    17    33    48     6    77    48     3     1     2
  0.3750000000000000E+00  0.3750000000000000E+00  0.5000000000000000E+00  0.2500000000000000E+00  0.5000000000000000E+00  0.3750000000000000E+00
  0.1250000000000000E+00  0.0000000000000000E+00  0.0000000000000000E+00  0.1250000000000000E+00 -0.1250000000000000E+00 -0.1250000000000000E+00
  0.7812500000000000E-02  0.1767766922712326E+00
    27    17    48    76     5    35     2     1     1
  0.2500000000000000E+00  0.7500000000000000E+00  0.1250000000000000E+00  0.6250000000000000E+00  0.2500000000000000E+00  0.6250000000000000E+00
  0.0000000000000000E+00 -0.1250000000000000E+00  0.1250000000000000E+00  0.0000000000000000E+00 -0.1250000000000000E+00  0.1250000000000000E+00
  0.7812500000000000E-02  0.1767766922712326E+00
    11    29    49    40    79    85     1     1     3
  0.3750000000000000E+00  0.6250000000000000E+00  0.2500000000000000E+00  0.7500000000000000E+00  0.2500000000000000E+00  0.6250000000000000E+00
 -0.1250000000000000E+00  0.0000000000000000E+00  0.0000000000000000E+00 -0.1250000000000000E+00  0.1250000000000000E+00  0.1250000000000000E+00
  0.7812500000000000E-02  0.1767766922712326E+00
    28    11    49    78    17    25     2     3     3
  0.5000000000000000E+00  0.5000000000000000E+00  0.6250000000000000E+00  0.6250000000000000E+00  0.5000000000000000E+00  0.6250000000000000E+00
  0.0000000000000000E+00  0.1250000000000000E+00 -0.1250000000000000E+00  0.0000000000000000E+00  0.1250000000000000E+00 -0.1250000000000000E+00
  0.7812500000000000E-02  0.1767766922712326E+00
     5    36    50    54    81    53     1     1     2
  0.3750000000000000E+00  0.6250000000000000E+00  0.5000000000000000E+00  0.5000000000000000E+00  0.5000000000000000E+00  0.6250000000000000E+00
  0.1250000000000000E+00  0.0000000000000000E+00  0.0000000000000000E+00  0.1250000000000000E+00 -0.1250000000000000E+00 -0.1250000000000000E+00
  0.7812500000000000E-02  0.1767766922712326E+00
    28     5    50    80    37    72     2     2     3
  0.5000000000000000E+00  0.7500000000000000E+00  0.3750000000000000E+00  0.8750000000000000E+00  0.3750000000000000E+00  0.7500000000000000E+00
 -0.1250000000000000E+00  0.0000000000000000E+00  0.0000000000000000E+00 -0.1250000000000000E+00  0.1250000000000000E+00  0.1250000000000000E+00
  0.7812500000000000E-02  0.1767766922712326E+00
    19    35    51    11    83   108     3     1     3
  0.3750000000000000E+00  0.6250000000000000E+00  0.5000000000000000E+00  0.7500000000000000E+00  0.3750000000000000E+00  0.7500000000000000E+00
  0.0000000000000000E+00  0.1250000000000000E+00 -0.1250000000000000E+00  0.0000000000000000E+00  0.1250000000000000E+00 -0.1250000000000000E+00
  0.7812500000000000E-02  0.1767766922712326E+00
    28    19    51    82    25    37     2     1     1
  0.2500000000000000E+00  0.7500000000000000E+00  0.1250000000000000E+00  0.8750000000000000E+00  0.1250000000000000E+00  0.7500000000000000E+00
 -0.1250000000000000E+00  0.0000000000000000E+00  0.0000000000000000E+00 -0.1250000000000000E+00  0.1250000000000000E+00  0.1250000000000000E+00
  0.7812500000000000E-02  0.1767766922712326E+00
    11    34    52    50    85   105     1     1     3
  0.1250000000000000E+00  0.6250000000000000E+00  0.2500000000000000E+00  0.7500000000000000E+00  0.1250000000000000E+00  0.7500000000000000E+00
  0.0000000000000000E+00  0.1250000000000000E+00 -0.1250000000000000E+00  0.0000000000000000E+00  0.1250000000000000E+00 -0.1250000000000000E+00
  0.7812500000000000E-02  0.1767766922712326E+00
    29    11    52    84    39    78     2     2     3
  0.1250000000000000E+00  0.6250000000000000E+00  0.0000000000000000E+00  0.7500000000000000E+00  0.0000000000000000E+00  0.6250000000000000E+00
 -0.1250000000000000E+00  0.0000000000000000E+00  0.0000000000000000E+00 -0.1250000000000000E+00  0.1250000000000000E+00  0.1250000000000000E+00
  0.7812500000000000E-02  0.1767766922712326E+00
    29    18    53   146     4    39     0     3     1
  0.1250000000000000E+00  0.1250000000000000E+00  0.0000000000000000E+00  0.2500000000000000E+00  0.0000000000000000E+00  0.1250000000000000E+00
 -0.1250000000000000E+00  0.0000000000000000E+00  0.0000000000000000E+00 -0.1250000000000000E+00  0.1250000000000000E+00  0.1250000000000000E+00
  0.7812500000000000E-02  0.1767766922712326E+00
    30    15    54   147    42    70     0     2     3
  0.1250000000000000E+00  0.1250000000000000E+00  0.0000000000000000E+00  0.0000000000000000E+00  0.1250000000000000E+00  0.0000000000000000E+00
  0.0000000000000000E+00 -0.1250000000000000E+00  0.1250000000000000E+00  0.0000000000000000E+00 -0.1250000000000000E+00  0.1250000000000000E+00
  0.7812500000000000E-02  0.1767766922712326E+00
    30     1    55   148    41    42     0     2     1
  0.2500000000000000E+00  0.0000000000000000E+00  0.3750000000000000E+00  0.1250000000000000E+00  0.2500000000000000E+00  0.1250000000000000E+00
  0.0000000000000000E+00  0.1250000000000000E+00 -0.1250000000000000E+00  0.0000000000000000E+00  0.1250000000000000E+00 -0.1250000000000000E+00
  0.7812500000000000E-02  0.1767766922712326E+00
    16    31    56     9    90    91     3     1     3
  0.1250000000000000E+00  0.1250000000000000E+00  0.2500000000000000E+00  0.0000000000000000E+00  0.2500000000000000E+00  0.1250000000000000E+00
  0.1250000000000000E+00  0.0000000000000000E+00  0.0000000000000000E+00  0.1250000000000000E+00 -0.1250000000000000E+00 -0.1250000000000000E+00
  0.7812500000000000E-02  0.1767766922712326E+00
    30    16    56    89    20    41     2     1     1
  0.3750000000000000E+00  0.1250000000000000E+00  0.2500000000000000E+00  0.0000000000000000E+00  0.3750000000000000E+00  0.0000000000000000E+00
  0.0000000000000000E+00 -0.1250000000000000E+00  0.1250000000000000E+00  0.0000000000000000E+00 -0.1250000000000000E+00  0.1250000000000000E+00
  0.7812500000000000E-02  0.1767766922712326E+00
    31    16    57   149    44    89     0     2     3
  0.5000000000000000E+00  0.0000000000000000E+00  0.6250000000000000E+00  0.1250000000000000E+00  0.5000000000000000E+00  0.1250000000000000E+00
  0.0000000000000000E+00  0.1250000000000000E+00 -0.1250000000000000E+00  0.0000000000000000E+00  0.1250000000000000E+00 -0.1250000000000000E+00
  0.7812500000000000E-02  0.1767766922712326E+00
     7    32    58    46    93    96     1     1     3
  0.3750000000000000E+00  0.1250000000000000E+00  0.5000000000000000E+00  0.0000000000000000E+00  0.5000000000000000E+00  0.1250000000000000E+00
  0.1250000000000000E+00  0.0000000000000000E+00  0.0000000000000000E+00  0.1250000000000000E+00 -0.1250000000000000E+00 -0.1250000000000000E+00
  0.7812500000000000E-02  0.1767766922712326E+00
    31     7    58    92    43    44     2     2     1
  0.7500000000000000E+00  0.2500000000000000E+00  0.6250000000000000E+00  0.3750000000000000E+00  0.6250000000000000E+00  0.2500000000000000E+00
 -0.1250000000000000E+00  0.0000000000000000E+00  0.0000000000000000E+00 -0.1250000000000000E+00  0.1250000000000000E+00  0.1250000000000000E+00
  0.7812500000000000E-02  0.1767766922712326E+00
    12    33    59    48    95   100     1     1     3
  0.6250000000000000E+00  0.1250000000000000E+00  0.7500000000000000E+00  0.2500000000000000E+00  0.6250000000000000E+00  0.2500000000000000E+00
  0.0000000000000000E+00  0.1250000000000000E+00 -0.1250000000000000E+00  0.0000000000000000E+00  0.1250000000000000E+00 -0.1250000000000000E+00
  0.7812500000000000E-02  0.1767766922712326E+00
    32    12    59    94    21    27     2     3     3
  0.6250000000000000E+00  0.1250000000000000E+00  0.5000000000000000E+00  0.0000000000000000E+00  0.6250000000000000E+00  0.0000000000000000E+00
  0.0000000000000000E+00 -0.1250000000000000E+00  0.1250000000000000E+00  0.0000000000000000E+00 -0.1250000000000000E+00  0.1250000000000000E+00
  0.7812500000000000E-02  0.1767766922712326E+00
    32     7    60   150    45    92     0     2     3
  0.7500000000000000E+00  0.0000000000000000E+00  0.8750000000000000E+00  0.1250000000000000E+00  0.7500000000000000E+00  0.1250000000000000E+00
  0.0000000000000000E+00  0.1250000000000000E+00 -0.1250000000000000E+00  0.0000000000000000E+00  0.1250000000000000E+00 -0.1250000000000000E+00
  0.7812500000000000E-02  0.1767766922712326E+00
    21    38    61    14    98   117     3     1     3
  0.6250000000000000E+00  0.1250000000000000E+00  0.7500000000000000E+00  0.0000000000000000E+00  0.7500000000000000E+00  0.1250000000000000E+00
  0.1250000000000000E+00  0.0000000000000000E+00  0.0000000000000000E+00  0.1250000000000000E+00 -0.1250000000000000E+00 -0.1250000000000000E+00
  0.7812500000000000E-02  0.1767766922712326E+00
    32    21    61    97    27    45     2     1     1
  0.7500000000000000E+00  0.2500000000000000E+00  0.8750000000000000E+00  0.3750000000000000E+00  0.7500000000000000E+00  0.3750000000000000E+00
  0.0000000000000000E+00  0.1250000000000000E+00 -0.1250000000000000E+00  0.0000000000000000E+00  0.1250000000000000E+00 -0.1250000000000000E+00
  0.7812500000000000E-02  0.1767766922712326E+00
    12    39    62    30   100    13     3     1     1
  0.6250000000000000E+00  0.3750000000000000E+00  0.7500000000000000E+00  0.2500000000000000E+00  0.7500000000000000E+00  0.3750000000000000E+00
  0.1250000000000000E+00  0.0000000000000000E+00  0.0000000000000000E+00  0.1250000000000000E+00 -0.1250000000000000E+00 -0.1250000000000000E+00
  0.7812500000000000E-02  0.1767766922712326E+00
    33    12    62    99    47    94     2     2     3
  0.7500000000000000E+00  0.5000000000000000E+00  0.6250000000000000E+00  0.6250000000000000E+00  0.6250000000000000E+00  0.5000000000000000E+00
 -0.1250000000000000E+00  0.0000000000000000E+00  0.0000000000000000E+00 -0.1250000000000000E+00  0.1250000000000000E+00  0.1250000000000000E+00
  0.7812500000000000E-02  0.1767766922712326E+00
    23    36    63    53   102   113     1     1     3
  0.6250000000000000E+00  0.3750000000000000E+00  0.7500000000000000E+00  0.5000000000000000E+00  0.6250000000000000E+00  0.5000000000000000E+00
  0.0000000000000000E+00  0.1250000000000000E+00 -0.1250000000000000E+00  0.0000000000000000E+00  0.1250000000000000E+00 -0.1250000000000000E+00
  0.7812500000000000E-02  0.1767766922712326E+00
    33    23    63   101     7    47     2     1     1
  0.1250000000000000E+00  0.8750000000000000E+00  0.0000000000000000E+00  0.1000000000000000E+01  0.0000000000000000E+00  0.8750000000000000E+00
 -0.1250000000000000E+00  0.0000000000000000E+00  0.0000000000000000E+00 -0.1250000000000000E+00  0.1250000000000000E+00  0.1250000000000000E+00
  0.7812500000000000E-02  0.1767766922712326E+00
    34     4    64   151    23     3     0     3     2
  0.2500000000000000E+00  0.7500000000000000E+00  0.3750000000000000E+00  0.8750000000000000E+00  0.2500000000000000E+00  0.8750000000000000E+00
  0.0000000000000000E+00  0.1250000000000000E+00 -0.1250000000000000E+00  0.0000000000000000E+00  0.1250000000000000E+00 -0.1250000000000000E+00
  0.7812500000000000E-02  0.1767766922712326E+00
    11    35    65    26   105    11     3     1     1
  0.1250000000000000E+00  0.8750000000000000E+00  0.2500000000000000E+00  0.7500000000000000E+00  0.2500000000000000E+00  0.8750000000000000E+00
  0.1250000000000000E+00  0.0000000000000000E+00  0.0000000000000000E+00  0.1250000000000000E+00 -0.1250000000000000E+00 -0.1250000000000000E+00
  0.7812500000000000E-02  0.1767766922712326E+00
    34    11    65   104    49    84     2     2     3
  0.1250000000000000E+00  0.8750000000000000E+00  0.2500000000000000E+00  0.1000000000000000E+01  0.1250000000000000E+00  0.1000000000000000E+01
  0.0000000000000000E+00  0.1250000000000000E+00 -0.1250000000000000E+00  0.0000000000000000E+00  0.1250000000000000E+00 -0.1250000000000000E+00
  0.7812500000000000E-02  0.1767766922712326E+00
    34    20    66   152     3    49     0     3     1
  0.5000000000000000E+00  0.7500000000000000E+00  0.6250000000000000E+00  0.8750000000000000E+00  0.5000000000000000E+00  0.8750000000000000E+00
  0.0000000000000000E+00  0.1250000000000000E+00 -0.1250000000000000E+00  0.0000000000000000E+00  0.1250000000000000E+00 -0.1250000000000000E+00
  0.7812500000000000E-02  0.1767766922712326E+00
    19    37    67     8   108    56     3     1     2
  0.3750000000000000E+00  0.8750000000000000E+00  0.5000000000000000E+00  0.7500000000000000E+00  0.5000000000000000E+00  0.8750000000000000E+00
  0.1250000000000000E+00  0.0000000000000000E+00  0.0000000000000000E+00  0.1250000000000000E+00 -0.1250000000000000E+00 -0.1250000000000000E+00
  0.7812500000000000E-02  0.1767766922712326E+00
    35    19    67   107    52    82     2     2     3
  0.3750000000000000E+00  0.8750000000000000E+00  0.5000000000000000E+00  0.1000000000000000E+01  0.3750000000000000E+00  0.1000000000000000E+01
  0.0000000000000000E+00  0.1250000000000000E+00 -0.1250000000000000E+00  0.0000000000000000E+00  0.1250000000000000E+00 -0.1250000000000000E+00
  0.7812500000000000E-02  0.1767766922712326E+00
    35     9    68   153    51    52     0     2     1
  0.7500000000000000E+00  0.7500000000000000E+00  0.6250000000000000E+00  0.8750000000000000E+00  0.6250000000000000E+00  0.7500000000000000E+00
 -0.1250000000000000E+00  0.0000000000000000E+00  0.0000000000000000E+00 -0.1250000000000000E+00  0.1250000000000000E+00  0.1250000000000000E+00
  0.7812500000000000E-02  0.1767766922712326E+00
    13    37    69    56   111   115     1     1     3
  0.6250000000000000E+00  0.6250000000000000E+00  0.7500000000000000E+00  0.7500000000000000E+00  0.6250000000000000E+00  0.7500000000000000E+00
  0.0000000000000000E+00  0.1250000000000000E+00 -0.1250000000000000E+00  0.0000000000000000E+00  0.1250000000000000E+00 -0.1250000000000000E+00
  0.7812500000000000E-02  0.1767766922712326E+00
    36    13    69   110    24     1     2     3     1
  0.7500000000000000E+00  0.5000000000000000E+00  0.8750000000000000E+00  0.6250000000000000E+00  0.7500000000000000E+00  0.6250000000000000E+00
  0.0000000000000000E+00  0.1250000000000000E+00 -0.1250000000000000E+00  0.0000000000000000E+00  0.1250000000000000E+00 -0.1250000000000000E+00
  0.7812500000000000E-02  0.1767766922712326E+00
    23    40    70    29   113    62     2     1     2
  0.6250000000000000E+00  0.6250000000000000E+00  0.7500000000000000E+00  0.5000000000000000E+00  0.7500000000000000E+00  0.6250000000000000E+00
  0.1250000000000000E+00  0.0000000000000000E+00  0.0000000000000000E+00  0.1250000000000000E+00 -0.1250000000000000E+00 -0.1250000000000000E+00
  0.7812500000000000E-02  0.1767766922712326E+00
    36    23    70   112     1   101     2     2     3
  0.7500000000000000E+00  0.7500000000000000E+00  0.8750000000000000E+00  0.8750000000000000E+00  0.7500000000000000E+00  0.8750000000000000E+00
  0.0000000000000000E+00  0.1250000000000000E+00 -0.1250000000000000E+00  0.0000000000000000E+00  0.1250000000000000E+00 -0.1250000000000000E+00
  0.7812500000000000E-02  0.1767766922712326E+00
    13    41    71    32   115    16     3     1     1
  0.6250000000000000E+00  0.8750000000000000E+00  0.7500000000000000E+00  0.7500000000000000E+00  0.7500000000000000E+00  0.8750000000000000E+00
  0.1250000000000000E+00  0.0000000000000000E+00  0.0000000000000000E+00  0.1250000000000000E+00 -0.1250000000000000E+00 -0.1250000000000000E+00
  0.7812500000000000E-02  0.1767766922712326E+00
    37    13    71   114    55   110     2     2     3
  0.6250000000000000E+00  0.8750000000000000E+00  0.7500000000000000E+00  0.1000000000000000E+01  0.6250000000000000E+00  0.1000000000000000E+01
  0.0000000000000000E+00  0.1250000000000000E+00 -0.1250000000000000E+00  0.0000000000000000E+00  0.1250000000000000E+00 -0.1250000000000000E+00
  0.7812500000000000E-02  0.1767766922712326E+00
    37    25    72   154    15    55     0     2     1
  0.8750000000000000E+00  0.1250000000000000E+00  0.7500000000000000E+00  0.0000000000000000E+00  0.8750000000000000E+00  0.0000000000000000E+00
  0.0000000000000000E+00 -0.1250000000000000E+00  0.1250000000000000E+00  0.0000000000000000E+00 -0.1250000000000000E+00  0.1250000000000000E+00
  0.7812500000000000E-02  0.1767766922712326E+00
    38    21    73   155    58    97     0     2     3
  0.8750000000000000E+00  0.1250000000000000E+00  0.1000000000000000E+01  0.0000000000000000E+00  0.1000000000000000E+01  0.1250000000000000E+00
  0.1250000000000000E+00  0.0000000000000000E+00  0.0000000000000000E+00  0.1250000000000000E+00 -0.1250000000000000E+00 -0.1250000000000000E+00
  0.7812500000000000E-02  0.1767766922712326E+00
    38     2    74   156    57    58     0     2     1
  0.1000000000000000E+01  0.2500000000000000E+00  0.8750000000000000E+00  0.3750000000000000E+00  0.8750000000000000E+00  0.2500000000000000E+00
 -0.1250000000000000E+00  0.0000000000000000E+00  0.0000000000000000E+00 -0.1250000000000000E+00  0.1250000000000000E+00  0.1250000000000000E+00
  0.7812500000000000E-02  0.1767766922712326E+00
    22    39    75    13   120   121     3     1     3
  0.8750000000000000E+00  0.1250000000000000E+00  0.1000000000000000E+01  0.2500000000000000E+00  0.8750000000000000E+00  0.2500000000000000E+00
  0.0000000000000000E+00  0.1250000000000000E+00 -0.1250000000000000E+00  0.0000000000000000E+00  0.1250000000000000E+00 -0.1250000000000000E+00
  0.7812500000000000E-02  0.1767766922712326E+00
    38    22    75   119    28    57     2     1     1
  0.8750000000000000E+00  0.3750000000000000E+00  0.1000000000000000E+01  0.2500000000000000E+00  0.1000000000000000E+01  0.3750000000000000E+00
  0.1250000000000000E+00  0.0000000000000000E+00  0.0000000000000000E+00  0.1250000000000000E+00 -0.1250000000000000E+00 -0.1250000000000000E+00
  0.7812500000000000E-02  0.1767766922712326E+00
    39    22    76   157    60   119     0     2     3
  0.1000000000000000E+01  0.5000000000000000E+00  0.8750000000000000E+00  0.6250000000000000E+00  0.8750000000000000E+00  0.5000000000000000E+00
 -0.1250000000000000E+00  0.0000000000000000E+00  0.0000000000000000E+00 -0.1250000000000000E+00  0.1250000000000000E+00  0.1250000000000000E+00
  0.7812500000000000E-02  0.1767766922712326E+00
     8    40    77    62   123   124     1     1     3
  0.8750000000000000E+00  0.3750000000000000E+00  0.1000000000000000E+01  0.5000000000000000E+00  0.8750000000000000E+00  0.5000000000000000E+00
  0.0000000000000000E+00  0.1250000000000000E+00 -0.1250000000000000E+00  0.0000000000000000E+00  0.1250000000000000E+00 -0.1250000000000000E+00
  0.7812500000000000E-02  0.1767766922712326E+00
    39     8    77   122    59    60     2     2     1
  0.8750000000000000E+00  0.6250000000000000E+00  0.1000000000000000E+01  0.5000000000000000E+00  0.1000000000000000E+01  0.6250000000000000E+00
  0.1250000000000000E+00  0.0000000000000000E+00  0.0000000000000000E+00  0.1250000000000000E+00 -0.1250000000000000E+00 -0.1250000000000000E+00
  0.7812500000000000E-02  0.1767766922712326E+00
    40     8    78   158    61   122     0     2     3
  0.1000000000000000E+01  0.7500000000000000E+00  0.8750000000000000E+00  0.8750000000000000E+00  0.8750000000000000E+00  0.7500000000000000E+00
 -0.1250000000000000E+00  0.0000000000000000E+00  0.0000000000000000E+00 -0.1250000000000000E+00  0.1250000000000000E+00  0.1250000000000000E+00
  0.7812500000000000E-02  0.1767766922712326E+00
    24    41    79    16   126   127     3     1     3
  0.8750000000000000E+00  0.6250000000000000E+00  0.1000000000000000E+01  0.7500000000000000E+00  0.8750000000000000E+00  0.7500000000000000E+00
  0.0000000000000000E+00  0.1250000000000000E+00 -0.1250000000000000E+00  0.0000000000000000E+00  0.1250000000000000E+00 -0.1250000000000000E+00
  0.7812500000000000E-02  0.1767766922712326E+00
    40    24    79   125    31    61     2     1     1
  0.8750000000000000E+00  0.8750000000000000E+00  0.1000000000000000E+01  0.7500000000000000E+00  0.1000000000000000E+01  0.8750000000000000E+00
  0.1250000000000000E+00  0.0000000000000000E+00  0.0000000000000000E+00  0.1250000000000000E+00 -0.1250000000000000E+00 -0.1250000000000000E+00
  0.7812500000000000E-02  0.1767766922712326E+00
    41    24    80   159    64   125     0     2     3
  0.8750000000000000E+00  0.8750000000000000E+00  0.1000000000000000E+01  0.1000000000000000E+01  0.8750000000000000E+00  0.1000000000000000E+01
  0.0000000000000000E+00  0.1250000000000000E+00 -0.1250000000000000E+00  0.0000000000000000E+00  0.1250000000000000E+00 -0.1250000000000000E+00
  0.7812500000000000E-02  0.1767766922712326E+00
    41     3    81   160    63    64     0     2     1
