  -5.387481      5.5904974E-14
  -4.603683      1.4074561E-10
  -3.944764      3.9327631E-08
  -3.347855      3.0562926E-06
  -2.788806      9.4424737E-05
  -2.254974      1.3927496E-03
  -1.738538      1.0849928E-02
  -1.234076      4.6836726E-02
 -0.7374737      0.1156748    
 -0.2453407      0.1750333    
  0.2453407      0.1750333    
  0.7374737      0.1156748    
   1.234076      4.6836726E-02
   1.738538      1.0849928E-02
   2.254974      1.3927496E-03
   2.788806      9.4424737E-05
   3.347855      3.0562926E-06
   3.944764      3.9327631E-08
   4.603683      1.4074561E-10
   5.387481      5.5904974E-14
