========= Input Parameters ========= 
40   !Total Number of global edge  
------------------------------------ 
          1          5          1          1          3 
          2          6          1          2          3 
          3          7          1          3          3 
          4          8          1          4          3 
          5          9          1          5          3 
          6         10          1          6          3 
          7         11          1          7          3 
          8         12          1          8          3 
          9         13          1          9          3 
         10         14          1         10          3 
         11         15          1         11          3 
         12         16          1         12          3 
         13          1          2          2          4 
         14          2          2          3          4 
         15          3          2          4          4 
         16          5          2          6          4 
         17          6          2          7          4 
         18          7          2          8          4 
         19          9          2         10          4 
         20         10          2         11          4 
         21         11          2         12          4 
         22         13          2         14          4 
         23         14          2         15          4 
         24         15          2         16          4 
         25          1          1          0          3 
         26          2          1          0          3 
         27          3          1          0          3 
         28          4          1          0          3 
         29         13          3          0          1 
         30         14          3          0          1 
         31         15          3          0          1 
         32         16          3          0          1 
         33          4          2          0          4 
         34          8          2          0          4 
         35         12          2          0          4 
         36         16          2          0          4 
         37          1          4          0          2 
         38          5          4          0          2 
         39          9          4          0          2 
         40         13          4          0          2 
------------------------------------ 
24   !Total Number of interior edge 
12   !Total Number of interior edge 1 
12   !Total Number of interior edge 2 
------------------------------------ 
          1          5          1          1          3 
          2          6          1          2          3 
          3          7          1          3          3 
          4          8          1          4          3 
          5          9          1          5          3 
          6         10          1          6          3 
          7         11          1          7          3 
          8         12          1          8          3 
          9         13          1          9          3 
         10         14          1         10          3 
         11         15          1         11          3 
         12         16          1         12          3 
         13          1          2          2          4 
         14          2          2          3          4 
         15          3          2          4          4 
         16          5          2          6          4 
         17          6          2          7          4 
         18          7          2          8          4 
         19          9          2         10          4 
         20         10          2         11          4 
         21         11          2         12          4 
         22         13          2         14          4 
         23         14          2         15          4 
         24         15          2         16          4 
------------------------------------ 
16   !Total Number of outer edge 
4   !Total Number of outer edge 1 
4   !Total Number of outer edge 2 
4   !Total Number of outer edge 3 
4   !Total Number of outer edge 4 
------------------------------------ 
         25          1          1          0          3 
         26          2          1          0          3 
         27          3          1          0          3 
         28          4          1          0          3 
         29         13          3          0          1 
         30         14          3          0          1 
         31         15          3          0          1 
         32         16          3          0          1 
         33          4          2          0          4 
         34          8          2          0          4 
         35         12          2          0          4 
         36         16          2          0          4 
         37          1          4          0          2 
         38          5          4          0          2 
         39          9          4          0          2 
         40         13          4          0          2 
------------------------------------ 
------------------------------------ 
