========= Input edge Parameters ========= 
  512 	  !Number of global edge 
------------------------------------ 
    1     1     1   241     3
    2    17     1     1     3
    3     2     1   242     3
    4    18     1     2     3
    5     3     1   243     3
    6    19     1     3     3
    7     4     1   244     3
    8    20     1     4     3
    9     5     1   245     3
   10    21     1     5     3
   11     6     1   246     3
   12    22     1     6     3
   13     7     1   247     3
   14    23     1     7     3
   15     8     1   248     3
   16    24     1     8     3
   17     9     1   249     3
   18    25     1     9     3
   19    10     1   250     3
   20    26     1    10     3
   21    11     1   251     3
   22    27     1    11     3
   23    12     1   252     3
   24    28     1    12     3
   25    13     1   253     3
   26    29     1    13     3
   27    14     1   254     3
   28    30     1    14     3
   29    15     1   255     3
   30    31     1    15     3
   31    16     1   256     3
   32    32     1    16     3
   33    33     1    17     3
   34    34     1    18     3
   35    35     1    19     3
   36    36     1    20     3
   37    37     1    21     3
   38    38     1    22     3
   39    39     1    23     3
   40    40     1    24     3
   41    41     1    25     3
   42    42     1    26     3
   43    43     1    27     3
   44    44     1    28     3
   45    45     1    29     3
   46    46     1    30     3
   47    47     1    31     3
   48    48     1    32     3
   49    49     1    33     3
   50    50     1    34     3
   51    51     1    35     3
   52    52     1    36     3
   53    53     1    37     3
   54    54     1    38     3
   55    55     1    39     3
   56    56     1    40     3
   57    57     1    41     3
   58    58     1    42     3
   59    59     1    43     3
   60    60     1    44     3
   61    61     1    45     3
   62    62     1    46     3
   63    63     1    47     3
   64    64     1    48     3
   65    65     1    49     3
   66    66     1    50     3
   67    67     1    51     3
   68    68     1    52     3
   69    69     1    53     3
   70    70     1    54     3
   71    71     1    55     3
   72    72     1    56     3
   73    73     1    57     3
   74    74     1    58     3
   75    75     1    59     3
   76    76     1    60     3
   77    77     1    61     3
   78    78     1    62     3
   79    79     1    63     3
   80    80     1    64     3
   81    81     1    65     3
   82    82     1    66     3
   83    83     1    67     3
   84    84     1    68     3
   85    85     1    69     3
   86    86     1    70     3
   87    87     1    71     3
   88    88     1    72     3
   89    89     1    73     3
   90    90     1    74     3
   91    91     1    75     3
   92    92     1    76     3
   93    93     1    77     3
   94    94     1    78     3
   95    95     1    79     3
   96    96     1    80     3
   97    97     1    81     3
   98    98     1    82     3
   99    99     1    83     3
  100   100     1    84     3
  101   101     1    85     3
  102   102     1    86     3
  103   103     1    87     3
  104   104     1    88     3
  105   105     1    89     3
  106   106     1    90     3
  107   107     1    91     3
  108   108     1    92     3
  109   109     1    93     3
  110   110     1    94     3
  111   111     1    95     3
  112   112     1    96     3
  113   113     1    97     3
  114   114     1    98     3
  115   115     1    99     3
  116   116     1   100     3
  117   117     1   101     3
  118   118     1   102     3
  119   119     1   103     3
  120   120     1   104     3
  121   121     1   105     3
  122   122     1   106     3
  123   123     1   107     3
  124   124     1   108     3
  125   125     1   109     3
  126   126     1   110     3
  127   127     1   111     3
  128   128     1   112     3
  129   129     1   113     3
  130   130     1   114     3
  131   131     1   115     3
  132   132     1   116     3
  133   133     1   117     3
  134   134     1   118     3
  135   135     1   119     3
  136   136     1   120     3
  137   137     1   121     3
  138   138     1   122     3
  139   139     1   123     3
  140   140     1   124     3
  141   141     1   125     3
  142   142     1   126     3
  143   143     1   127     3
  144   144     1   128     3
  145   145     1   129     3
  146   146     1   130     3
  147   147     1   131     3
  148   148     1   132     3
  149   149     1   133     3
  150   150     1   134     3
  151   151     1   135     3
  152   152     1   136     3
  153   153     1   137     3
  154   154     1   138     3
  155   155     1   139     3
  156   156     1   140     3
  157   157     1   141     3
  158   158     1   142     3
  159   159     1   143     3
  160   160     1   144     3
  161   161     1   145     3
  162   162     1   146     3
  163   163     1   147     3
  164   164     1   148     3
  165   165     1   149     3
  166   166     1   150     3
  167   167     1   151     3
  168   168     1   152     3
  169   169     1   153     3
  170   170     1   154     3
  171   171     1   155     3
  172   172     1   156     3
  173   173     1   157     3
  174   174     1   158     3
  175   175     1   159     3
  176   176     1   160     3
  177   177     1   161     3
  178   178     1   162     3
  179   179     1   163     3
  180   180     1   164     3
  181   181     1   165     3
  182   182     1   166     3
  183   183     1   167     3
  184   184     1   168     3
  185   185     1   169     3
  186   186     1   170     3
  187   187     1   171     3
  188   188     1   172     3
  189   189     1   173     3
  190   190     1   174     3
  191   191     1   175     3
  192   192     1   176     3
  193   193     1   177     3
  194   194     1   178     3
  195   195     1   179     3
  196   196     1   180     3
  197   197     1   181     3
  198   198     1   182     3
  199   199     1   183     3
  200   200     1   184     3
  201   201     1   185     3
  202   202     1   186     3
  203   203     1   187     3
  204   204     1   188     3
  205   205     1   189     3
  206   206     1   190     3
  207   207     1   191     3
  208   208     1   192     3
  209   209     1   193     3
  210   210     1   194     3
  211   211     1   195     3
  212   212     1   196     3
  213   213     1   197     3
  214   214     1   198     3
  215   215     1   199     3
  216   216     1   200     3
  217   217     1   201     3
  218   218     1   202     3
  219   219     1   203     3
  220   220     1   204     3
  221   221     1   205     3
  222   222     1   206     3
  223   223     1   207     3
  224   224     1   208     3
  225   225     1   209     3
  226   226     1   210     3
  227   227     1   211     3
  228   228     1   212     3
  229   229     1   213     3
  230   230     1   214     3
  231   231     1   215     3
  232   232     1   216     3
  233   233     1   217     3
  234   234     1   218     3
  235   235     1   219     3
  236   236     1   220     3
  237   237     1   221     3
  238   238     1   222     3
  239   239     1   223     3
  240   240     1   224     3
  241   241     1   225     3
  242   242     1   226     3
  243   243     1   227     3
  244   244     1   228     3
  245   245     1   229     3
  246   246     1   230     3
  247   247     1   231     3
  248   248     1   232     3
  249   249     1   233     3
  250   250     1   234     3
  251   251     1   235     3
  252   252     1   236     3
  253   253     1   237     3
  254   254     1   238     3
  255   255     1   239     3
  256   256     1   240     3
  257     1     2     2     4
  258    16     2     1     4
  259     2     2     3     4
  260     3     2     4     4
  261     4     2     5     4
  262     5     2     6     4
  263     6     2     7     4
  264     7     2     8     4
  265     8     2     9     4
  266     9     2    10     4
  267    10     2    11     4
  268    11     2    12     4
  269    12     2    13     4
  270    13     2    14     4
  271    14     2    15     4
  272    15     2    16     4
  273    17     2    18     4
  274    32     2    17     4
  275    18     2    19     4
  276    19     2    20     4
  277    20     2    21     4
  278    21     2    22     4
  279    22     2    23     4
  280    23     2    24     4
  281    24     2    25     4
  282    25     2    26     4
  283    26     2    27     4
  284    27     2    28     4
  285    28     2    29     4
  286    29     2    30     4
  287    30     2    31     4
  288    31     2    32     4
  289    33     2    34     4
  290    48     2    33     4
  291    34     2    35     4
  292    35     2    36     4
  293    36     2    37     4
  294    37     2    38     4
  295    38     2    39     4
  296    39     2    40     4
  297    40     2    41     4
  298    41     2    42     4
  299    42     2    43     4
  300    43     2    44     4
  301    44     2    45     4
  302    45     2    46     4
  303    46     2    47     4
  304    47     2    48     4
  305    49     2    50     4
  306    64     2    49     4
  307    50     2    51     4
  308    51     2    52     4
  309    52     2    53     4
  310    53     2    54     4
  311    54     2    55     4
  312    55     2    56     4
  313    56     2    57     4
  314    57     2    58     4
  315    58     2    59     4
  316    59     2    60     4
  317    60     2    61     4
  318    61     2    62     4
  319    62     2    63     4
  320    63     2    64     4
  321    65     2    66     4
  322    80     2    65     4
  323    66     2    67     4
  324    67     2    68     4
  325    68     2    69     4
  326    69     2    70     4
  327    70     2    71     4
  328    71     2    72     4
  329    72     2    73     4
  330    73     2    74     4
  331    74     2    75     4
  332    75     2    76     4
  333    76     2    77     4
  334    77     2    78     4
  335    78     2    79     4
  336    79     2    80     4
  337    81     2    82     4
  338    96     2    81     4
  339    82     2    83     4
  340    83     2    84     4
  341    84     2    85     4
  342    85     2    86     4
  343    86     2    87     4
  344    87     2    88     4
  345    88     2    89     4
  346    89     2    90     4
  347    90     2    91     4
  348    91     2    92     4
  349    92     2    93     4
  350    93     2    94     4
  351    94     2    95     4
  352    95     2    96     4
  353    97     2    98     4
  354   112     2    97     4
  355    98     2    99     4
  356    99     2   100     4
  357   100     2   101     4
  358   101     2   102     4
  359   102     2   103     4
  360   103     2   104     4
  361   104     2   105     4
  362   105     2   106     4
  363   106     2   107     4
  364   107     2   108     4
  365   108     2   109     4
  366   109     2   110     4
  367   110     2   111     4
  368   111     2   112     4
  369   113     2   114     4
  370   128     2   113     4
  371   114     2   115     4
  372   115     2   116     4
  373   116     2   117     4
  374   117     2   118     4
  375   118     2   119     4
  376   119     2   120     4
  377   120     2   121     4
  378   121     2   122     4
  379   122     2   123     4
  380   123     2   124     4
  381   124     2   125     4
  382   125     2   126     4
  383   126     2   127     4
  384   127     2   128     4
  385   129     2   130     4
  386   144     2   129     4
  387   130     2   131     4
  388   131     2   132     4
  389   132     2   133     4
  390   133     2   134     4
  391   134     2   135     4
  392   135     2   136     4
  393   136     2   137     4
  394   137     2   138     4
  395   138     2   139     4
  396   139     2   140     4
  397   140     2   141     4
  398   141     2   142     4
  399   142     2   143     4
  400   143     2   144     4
  401   145     2   146     4
  402   160     2   145     4
  403   146     2   147     4
  404   147     2   148     4
  405   148     2   149     4
  406   149     2   150     4
  407   150     2   151     4
  408   151     2   152     4
  409   152     2   153     4
  410   153     2   154     4
  411   154     2   155     4
  412   155     2   156     4
  413   156     2   157     4
  414   157     2   158     4
  415   158     2   159     4
  416   159     2   160     4
  417   161     2   162     4
  418   176     2   161     4
  419   162     2   163     4
  420   163     2   164     4
  421   164     2   165     4
  422   165     2   166     4
  423   166     2   167     4
  424   167     2   168     4
  425   168     2   169     4
  426   169     2   170     4
  427   170     2   171     4
  428   171     2   172     4
  429   172     2   173     4
  430   173     2   174     4
  431   174     2   175     4
  432   175     2   176     4
  433   177     2   178     4
  434   192     2   177     4
  435   178     2   179     4
  436   179     2   180     4
  437   180     2   181     4
  438   181     2   182     4
  439   182     2   183     4
  440   183     2   184     4
  441   184     2   185     4
  442   185     2   186     4
  443   186     2   187     4
  444   187     2   188     4
  445   188     2   189     4
  446   189     2   190     4
  447   190     2   191     4
  448   191     2   192     4
  449   193     2   194     4
  450   208     2   193     4
  451   194     2   195     4
  452   195     2   196     4
  453   196     2   197     4
  454   197     2   198     4
  455   198     2   199     4
  456   199     2   200     4
  457   200     2   201     4
  458   201     2   202     4
  459   202     2   203     4
  460   203     2   204     4
  461   204     2   205     4
  462   205     2   206     4
  463   206     2   207     4
  464   207     2   208     4
  465   209     2   210     4
  466   224     2   209     4
  467   210     2   211     4
  468   211     2   212     4
  469   212     2   213     4
  470   213     2   214     4
  471   214     2   215     4
  472   215     2   216     4
  473   216     2   217     4
  474   217     2   218     4
  475   218     2   219     4
  476   219     2   220     4
  477   220     2   221     4
  478   221     2   222     4
  479   222     2   223     4
  480   223     2   224     4
  481   225     2   226     4
  482   240     2   225     4
  483   226     2   227     4
  484   227     2   228     4
  485   228     2   229     4
  486   229     2   230     4
  487   230     2   231     4
  488   231     2   232     4
  489   232     2   233     4
  490   233     2   234     4
  491   234     2   235     4
  492   235     2   236     4
  493   236     2   237     4
  494   237     2   238     4
  495   238     2   239     4
  496   239     2   240     4
  497   241     2   242     4
  498   256     2   241     4
  499   242     2   243     4
  500   243     2   244     4
  501   244     2   245     4
  502   245     2   246     4
  503   246     2   247     4
  504   247     2   248     4
  505   248     2   249     4
  506   249     2   250     4
  507   250     2   251     4
  508   251     2   252     4
  509   252     2   253     4
  510   253     2   254     4
  511   254     2   255     4
  512   255     2   256     4
------------------------------------ 
  512 	  !Number of interior edge 
  256 	  !Number of interior edge 1 
  256 	  !Number of interior edge 2 
------------------------------------ 
     1 	     1 	     1 	   241 	     3 
     2 	    17 	     1 	     1 	     3 
     3 	     2 	     1 	   242 	     3 
     4 	    18 	     1 	     2 	     3 
     5 	     3 	     1 	   243 	     3 
     6 	    19 	     1 	     3 	     3 
     7 	     4 	     1 	   244 	     3 
     8 	    20 	     1 	     4 	     3 
     9 	     5 	     1 	   245 	     3 
    10 	    21 	     1 	     5 	     3 
    11 	     6 	     1 	   246 	     3 
    12 	    22 	     1 	     6 	     3 
    13 	     7 	     1 	   247 	     3 
    14 	    23 	     1 	     7 	     3 
    15 	     8 	     1 	   248 	     3 
    16 	    24 	     1 	     8 	     3 
    17 	     9 	     1 	   249 	     3 
    18 	    25 	     1 	     9 	     3 
    19 	    10 	     1 	   250 	     3 
    20 	    26 	     1 	    10 	     3 
    21 	    11 	     1 	   251 	     3 
    22 	    27 	     1 	    11 	     3 
    23 	    12 	     1 	   252 	     3 
    24 	    28 	     1 	    12 	     3 
    25 	    13 	     1 	   253 	     3 
    26 	    29 	     1 	    13 	     3 
    27 	    14 	     1 	   254 	     3 
    28 	    30 	     1 	    14 	     3 
    29 	    15 	     1 	   255 	     3 
    30 	    31 	     1 	    15 	     3 
    31 	    16 	     1 	   256 	     3 
    32 	    32 	     1 	    16 	     3 
    33 	    33 	     1 	    17 	     3 
    34 	    34 	     1 	    18 	     3 
    35 	    35 	     1 	    19 	     3 
    36 	    36 	     1 	    20 	     3 
    37 	    37 	     1 	    21 	     3 
    38 	    38 	     1 	    22 	     3 
    39 	    39 	     1 	    23 	     3 
    40 	    40 	     1 	    24 	     3 
    41 	    41 	     1 	    25 	     3 
    42 	    42 	     1 	    26 	     3 
    43 	    43 	     1 	    27 	     3 
    44 	    44 	     1 	    28 	     3 
    45 	    45 	     1 	    29 	     3 
    46 	    46 	     1 	    30 	     3 
    47 	    47 	     1 	    31 	     3 
    48 	    48 	     1 	    32 	     3 
    49 	    49 	     1 	    33 	     3 
    50 	    50 	     1 	    34 	     3 
    51 	    51 	     1 	    35 	     3 
    52 	    52 	     1 	    36 	     3 
    53 	    53 	     1 	    37 	     3 
    54 	    54 	     1 	    38 	     3 
    55 	    55 	     1 	    39 	     3 
    56 	    56 	     1 	    40 	     3 
    57 	    57 	     1 	    41 	     3 
    58 	    58 	     1 	    42 	     3 
    59 	    59 	     1 	    43 	     3 
    60 	    60 	     1 	    44 	     3 
    61 	    61 	     1 	    45 	     3 
    62 	    62 	     1 	    46 	     3 
    63 	    63 	     1 	    47 	     3 
    64 	    64 	     1 	    48 	     3 
    65 	    65 	     1 	    49 	     3 
    66 	    66 	     1 	    50 	     3 
    67 	    67 	     1 	    51 	     3 
    68 	    68 	     1 	    52 	     3 
    69 	    69 	     1 	    53 	     3 
    70 	    70 	     1 	    54 	     3 
    71 	    71 	     1 	    55 	     3 
    72 	    72 	     1 	    56 	     3 
    73 	    73 	     1 	    57 	     3 
    74 	    74 	     1 	    58 	     3 
    75 	    75 	     1 	    59 	     3 
    76 	    76 	     1 	    60 	     3 
    77 	    77 	     1 	    61 	     3 
    78 	    78 	     1 	    62 	     3 
    79 	    79 	     1 	    63 	     3 
    80 	    80 	     1 	    64 	     3 
    81 	    81 	     1 	    65 	     3 
    82 	    82 	     1 	    66 	     3 
    83 	    83 	     1 	    67 	     3 
    84 	    84 	     1 	    68 	     3 
    85 	    85 	     1 	    69 	     3 
    86 	    86 	     1 	    70 	     3 
    87 	    87 	     1 	    71 	     3 
    88 	    88 	     1 	    72 	     3 
    89 	    89 	     1 	    73 	     3 
    90 	    90 	     1 	    74 	     3 
    91 	    91 	     1 	    75 	     3 
    92 	    92 	     1 	    76 	     3 
    93 	    93 	     1 	    77 	     3 
    94 	    94 	     1 	    78 	     3 
    95 	    95 	     1 	    79 	     3 
    96 	    96 	     1 	    80 	     3 
    97 	    97 	     1 	    81 	     3 
    98 	    98 	     1 	    82 	     3 
    99 	    99 	     1 	    83 	     3 
   100 	   100 	     1 	    84 	     3 
   101 	   101 	     1 	    85 	     3 
   102 	   102 	     1 	    86 	     3 
   103 	   103 	     1 	    87 	     3 
   104 	   104 	     1 	    88 	     3 
   105 	   105 	     1 	    89 	     3 
   106 	   106 	     1 	    90 	     3 
   107 	   107 	     1 	    91 	     3 
   108 	   108 	     1 	    92 	     3 
   109 	   109 	     1 	    93 	     3 
   110 	   110 	     1 	    94 	     3 
   111 	   111 	     1 	    95 	     3 
   112 	   112 	     1 	    96 	     3 
   113 	   113 	     1 	    97 	     3 
   114 	   114 	     1 	    98 	     3 
   115 	   115 	     1 	    99 	     3 
   116 	   116 	     1 	   100 	     3 
   117 	   117 	     1 	   101 	     3 
   118 	   118 	     1 	   102 	     3 
   119 	   119 	     1 	   103 	     3 
   120 	   120 	     1 	   104 	     3 
   121 	   121 	     1 	   105 	     3 
   122 	   122 	     1 	   106 	     3 
   123 	   123 	     1 	   107 	     3 
   124 	   124 	     1 	   108 	     3 
   125 	   125 	     1 	   109 	     3 
   126 	   126 	     1 	   110 	     3 
   127 	   127 	     1 	   111 	     3 
   128 	   128 	     1 	   112 	     3 
   129 	   129 	     1 	   113 	     3 
   130 	   130 	     1 	   114 	     3 
   131 	   131 	     1 	   115 	     3 
   132 	   132 	     1 	   116 	     3 
   133 	   133 	     1 	   117 	     3 
   134 	   134 	     1 	   118 	     3 
   135 	   135 	     1 	   119 	     3 
   136 	   136 	     1 	   120 	     3 
   137 	   137 	     1 	   121 	     3 
   138 	   138 	     1 	   122 	     3 
   139 	   139 	     1 	   123 	     3 
   140 	   140 	     1 	   124 	     3 
   141 	   141 	     1 	   125 	     3 
   142 	   142 	     1 	   126 	     3 
   143 	   143 	     1 	   127 	     3 
   144 	   144 	     1 	   128 	     3 
   145 	   145 	     1 	   129 	     3 
   146 	   146 	     1 	   130 	     3 
   147 	   147 	     1 	   131 	     3 
   148 	   148 	     1 	   132 	     3 
   149 	   149 	     1 	   133 	     3 
   150 	   150 	     1 	   134 	     3 
   151 	   151 	     1 	   135 	     3 
   152 	   152 	     1 	   136 	     3 
   153 	   153 	     1 	   137 	     3 
   154 	   154 	     1 	   138 	     3 
   155 	   155 	     1 	   139 	     3 
   156 	   156 	     1 	   140 	     3 
   157 	   157 	     1 	   141 	     3 
   158 	   158 	     1 	   142 	     3 
   159 	   159 	     1 	   143 	     3 
   160 	   160 	     1 	   144 	     3 
   161 	   161 	     1 	   145 	     3 
   162 	   162 	     1 	   146 	     3 
   163 	   163 	     1 	   147 	     3 
   164 	   164 	     1 	   148 	     3 
   165 	   165 	     1 	   149 	     3 
   166 	   166 	     1 	   150 	     3 
   167 	   167 	     1 	   151 	     3 
   168 	   168 	     1 	   152 	     3 
   169 	   169 	     1 	   153 	     3 
   170 	   170 	     1 	   154 	     3 
   171 	   171 	     1 	   155 	     3 
   172 	   172 	     1 	   156 	     3 
   173 	   173 	     1 	   157 	     3 
   174 	   174 	     1 	   158 	     3 
   175 	   175 	     1 	   159 	     3 
   176 	   176 	     1 	   160 	     3 
   177 	   177 	     1 	   161 	     3 
   178 	   178 	     1 	   162 	     3 
   179 	   179 	     1 	   163 	     3 
   180 	   180 	     1 	   164 	     3 
   181 	   181 	     1 	   165 	     3 
   182 	   182 	     1 	   166 	     3 
   183 	   183 	     1 	   167 	     3 
   184 	   184 	     1 	   168 	     3 
   185 	   185 	     1 	   169 	     3 
   186 	   186 	     1 	   170 	     3 
   187 	   187 	     1 	   171 	     3 
   188 	   188 	     1 	   172 	     3 
   189 	   189 	     1 	   173 	     3 
   190 	   190 	     1 	   174 	     3 
   191 	   191 	     1 	   175 	     3 
   192 	   192 	     1 	   176 	     3 
   193 	   193 	     1 	   177 	     3 
   194 	   194 	     1 	   178 	     3 
   195 	   195 	     1 	   179 	     3 
   196 	   196 	     1 	   180 	     3 
   197 	   197 	     1 	   181 	     3 
   198 	   198 	     1 	   182 	     3 
   199 	   199 	     1 	   183 	     3 
   200 	   200 	     1 	   184 	     3 
   201 	   201 	     1 	   185 	     3 
   202 	   202 	     1 	   186 	     3 
   203 	   203 	     1 	   187 	     3 
   204 	   204 	     1 	   188 	     3 
   205 	   205 	     1 	   189 	     3 
   206 	   206 	     1 	   190 	     3 
   207 	   207 	     1 	   191 	     3 
   208 	   208 	     1 	   192 	     3 
   209 	   209 	     1 	   193 	     3 
   210 	   210 	     1 	   194 	     3 
   211 	   211 	     1 	   195 	     3 
   212 	   212 	     1 	   196 	     3 
   213 	   213 	     1 	   197 	     3 
   214 	   214 	     1 	   198 	     3 
   215 	   215 	     1 	   199 	     3 
   216 	   216 	     1 	   200 	     3 
   217 	   217 	     1 	   201 	     3 
   218 	   218 	     1 	   202 	     3 
   219 	   219 	     1 	   203 	     3 
   220 	   220 	     1 	   204 	     3 
   221 	   221 	     1 	   205 	     3 
   222 	   222 	     1 	   206 	     3 
   223 	   223 	     1 	   207 	     3 
   224 	   224 	     1 	   208 	     3 
   225 	   225 	     1 	   209 	     3 
   226 	   226 	     1 	   210 	     3 
   227 	   227 	     1 	   211 	     3 
   228 	   228 	     1 	   212 	     3 
   229 	   229 	     1 	   213 	     3 
   230 	   230 	     1 	   214 	     3 
   231 	   231 	     1 	   215 	     3 
   232 	   232 	     1 	   216 	     3 
   233 	   233 	     1 	   217 	     3 
   234 	   234 	     1 	   218 	     3 
   235 	   235 	     1 	   219 	     3 
   236 	   236 	     1 	   220 	     3 
   237 	   237 	     1 	   221 	     3 
   238 	   238 	     1 	   222 	     3 
   239 	   239 	     1 	   223 	     3 
   240 	   240 	     1 	   224 	     3 
   241 	   241 	     1 	   225 	     3 
   242 	   242 	     1 	   226 	     3 
   243 	   243 	     1 	   227 	     3 
   244 	   244 	     1 	   228 	     3 
   245 	   245 	     1 	   229 	     3 
   246 	   246 	     1 	   230 	     3 
   247 	   247 	     1 	   231 	     3 
   248 	   248 	     1 	   232 	     3 
   249 	   249 	     1 	   233 	     3 
   250 	   250 	     1 	   234 	     3 
   251 	   251 	     1 	   235 	     3 
   252 	   252 	     1 	   236 	     3 
   253 	   253 	     1 	   237 	     3 
   254 	   254 	     1 	   238 	     3 
   255 	   255 	     1 	   239 	     3 
   256 	   256 	     1 	   240 	     3 
   257 	     1 	     2 	     2 	     4 
   258 	    16 	     2 	     1 	     4 
   259 	     2 	     2 	     3 	     4 
   260 	     3 	     2 	     4 	     4 
   261 	     4 	     2 	     5 	     4 
   262 	     5 	     2 	     6 	     4 
   263 	     6 	     2 	     7 	     4 
   264 	     7 	     2 	     8 	     4 
   265 	     8 	     2 	     9 	     4 
   266 	     9 	     2 	    10 	     4 
   267 	    10 	     2 	    11 	     4 
   268 	    11 	     2 	    12 	     4 
   269 	    12 	     2 	    13 	     4 
   270 	    13 	     2 	    14 	     4 
   271 	    14 	     2 	    15 	     4 
   272 	    15 	     2 	    16 	     4 
   273 	    17 	     2 	    18 	     4 
   274 	    32 	     2 	    17 	     4 
   275 	    18 	     2 	    19 	     4 
   276 	    19 	     2 	    20 	     4 
   277 	    20 	     2 	    21 	     4 
   278 	    21 	     2 	    22 	     4 
   279 	    22 	     2 	    23 	     4 
   280 	    23 	     2 	    24 	     4 
   281 	    24 	     2 	    25 	     4 
   282 	    25 	     2 	    26 	     4 
   283 	    26 	     2 	    27 	     4 
   284 	    27 	     2 	    28 	     4 
   285 	    28 	     2 	    29 	     4 
   286 	    29 	     2 	    30 	     4 
   287 	    30 	     2 	    31 	     4 
   288 	    31 	     2 	    32 	     4 
   289 	    33 	     2 	    34 	     4 
   290 	    48 	     2 	    33 	     4 
   291 	    34 	     2 	    35 	     4 
   292 	    35 	     2 	    36 	     4 
   293 	    36 	     2 	    37 	     4 
   294 	    37 	     2 	    38 	     4 
   295 	    38 	     2 	    39 	     4 
   296 	    39 	     2 	    40 	     4 
   297 	    40 	     2 	    41 	     4 
   298 	    41 	     2 	    42 	     4 
   299 	    42 	     2 	    43 	     4 
   300 	    43 	     2 	    44 	     4 
   301 	    44 	     2 	    45 	     4 
   302 	    45 	     2 	    46 	     4 
   303 	    46 	     2 	    47 	     4 
   304 	    47 	     2 	    48 	     4 
   305 	    49 	     2 	    50 	     4 
   306 	    64 	     2 	    49 	     4 
   307 	    50 	     2 	    51 	     4 
   308 	    51 	     2 	    52 	     4 
   309 	    52 	     2 	    53 	     4 
   310 	    53 	     2 	    54 	     4 
   311 	    54 	     2 	    55 	     4 
   312 	    55 	     2 	    56 	     4 
   313 	    56 	     2 	    57 	     4 
   314 	    57 	     2 	    58 	     4 
   315 	    58 	     2 	    59 	     4 
   316 	    59 	     2 	    60 	     4 
   317 	    60 	     2 	    61 	     4 
   318 	    61 	     2 	    62 	     4 
   319 	    62 	     2 	    63 	     4 
   320 	    63 	     2 	    64 	     4 
   321 	    65 	     2 	    66 	     4 
   322 	    80 	     2 	    65 	     4 
   323 	    66 	     2 	    67 	     4 
   324 	    67 	     2 	    68 	     4 
   325 	    68 	     2 	    69 	     4 
   326 	    69 	     2 	    70 	     4 
   327 	    70 	     2 	    71 	     4 
   328 	    71 	     2 	    72 	     4 
   329 	    72 	     2 	    73 	     4 
   330 	    73 	     2 	    74 	     4 
   331 	    74 	     2 	    75 	     4 
   332 	    75 	     2 	    76 	     4 
   333 	    76 	     2 	    77 	     4 
   334 	    77 	     2 	    78 	     4 
   335 	    78 	     2 	    79 	     4 
   336 	    79 	     2 	    80 	     4 
   337 	    81 	     2 	    82 	     4 
   338 	    96 	     2 	    81 	     4 
   339 	    82 	     2 	    83 	     4 
   340 	    83 	     2 	    84 	     4 
   341 	    84 	     2 	    85 	     4 
   342 	    85 	     2 	    86 	     4 
   343 	    86 	     2 	    87 	     4 
   344 	    87 	     2 	    88 	     4 
   345 	    88 	     2 	    89 	     4 
   346 	    89 	     2 	    90 	     4 
   347 	    90 	     2 	    91 	     4 
   348 	    91 	     2 	    92 	     4 
   349 	    92 	     2 	    93 	     4 
   350 	    93 	     2 	    94 	     4 
   351 	    94 	     2 	    95 	     4 
   352 	    95 	     2 	    96 	     4 
   353 	    97 	     2 	    98 	     4 
   354 	   112 	     2 	    97 	     4 
   355 	    98 	     2 	    99 	     4 
   356 	    99 	     2 	   100 	     4 
   357 	   100 	     2 	   101 	     4 
   358 	   101 	     2 	   102 	     4 
   359 	   102 	     2 	   103 	     4 
   360 	   103 	     2 	   104 	     4 
   361 	   104 	     2 	   105 	     4 
   362 	   105 	     2 	   106 	     4 
   363 	   106 	     2 	   107 	     4 
   364 	   107 	     2 	   108 	     4 
   365 	   108 	     2 	   109 	     4 
   366 	   109 	     2 	   110 	     4 
   367 	   110 	     2 	   111 	     4 
   368 	   111 	     2 	   112 	     4 
   369 	   113 	     2 	   114 	     4 
   370 	   128 	     2 	   113 	     4 
   371 	   114 	     2 	   115 	     4 
   372 	   115 	     2 	   116 	     4 
   373 	   116 	     2 	   117 	     4 
   374 	   117 	     2 	   118 	     4 
   375 	   118 	     2 	   119 	     4 
   376 	   119 	     2 	   120 	     4 
   377 	   120 	     2 	   121 	     4 
   378 	   121 	     2 	   122 	     4 
   379 	   122 	     2 	   123 	     4 
   380 	   123 	     2 	   124 	     4 
   381 	   124 	     2 	   125 	     4 
   382 	   125 	     2 	   126 	     4 
   383 	   126 	     2 	   127 	     4 
   384 	   127 	     2 	   128 	     4 
   385 	   129 	     2 	   130 	     4 
   386 	   144 	     2 	   129 	     4 
   387 	   130 	     2 	   131 	     4 
   388 	   131 	     2 	   132 	     4 
   389 	   132 	     2 	   133 	     4 
   390 	   133 	     2 	   134 	     4 
   391 	   134 	     2 	   135 	     4 
   392 	   135 	     2 	   136 	     4 
   393 	   136 	     2 	   137 	     4 
   394 	   137 	     2 	   138 	     4 
   395 	   138 	     2 	   139 	     4 
   396 	   139 	     2 	   140 	     4 
   397 	   140 	     2 	   141 	     4 
   398 	   141 	     2 	   142 	     4 
   399 	   142 	     2 	   143 	     4 
   400 	   143 	     2 	   144 	     4 
   401 	   145 	     2 	   146 	     4 
   402 	   160 	     2 	   145 	     4 
   403 	   146 	     2 	   147 	     4 
   404 	   147 	     2 	   148 	     4 
   405 	   148 	     2 	   149 	     4 
   406 	   149 	     2 	   150 	     4 
   407 	   150 	     2 	   151 	     4 
   408 	   151 	     2 	   152 	     4 
   409 	   152 	     2 	   153 	     4 
   410 	   153 	     2 	   154 	     4 
   411 	   154 	     2 	   155 	     4 
   412 	   155 	     2 	   156 	     4 
   413 	   156 	     2 	   157 	     4 
   414 	   157 	     2 	   158 	     4 
   415 	   158 	     2 	   159 	     4 
   416 	   159 	     2 	   160 	     4 
   417 	   161 	     2 	   162 	     4 
   418 	   176 	     2 	   161 	     4 
   419 	   162 	     2 	   163 	     4 
   420 	   163 	     2 	   164 	     4 
   421 	   164 	     2 	   165 	     4 
   422 	   165 	     2 	   166 	     4 
   423 	   166 	     2 	   167 	     4 
   424 	   167 	     2 	   168 	     4 
   425 	   168 	     2 	   169 	     4 
   426 	   169 	     2 	   170 	     4 
   427 	   170 	     2 	   171 	     4 
   428 	   171 	     2 	   172 	     4 
   429 	   172 	     2 	   173 	     4 
   430 	   173 	     2 	   174 	     4 
   431 	   174 	     2 	   175 	     4 
   432 	   175 	     2 	   176 	     4 
   433 	   177 	     2 	   178 	     4 
   434 	   192 	     2 	   177 	     4 
   435 	   178 	     2 	   179 	     4 
   436 	   179 	     2 	   180 	     4 
   437 	   180 	     2 	   181 	     4 
   438 	   181 	     2 	   182 	     4 
   439 	   182 	     2 	   183 	     4 
   440 	   183 	     2 	   184 	     4 
   441 	   184 	     2 	   185 	     4 
   442 	   185 	     2 	   186 	     4 
   443 	   186 	     2 	   187 	     4 
   444 	   187 	     2 	   188 	     4 
   445 	   188 	     2 	   189 	     4 
   446 	   189 	     2 	   190 	     4 
   447 	   190 	     2 	   191 	     4 
   448 	   191 	     2 	   192 	     4 
   449 	   193 	     2 	   194 	     4 
   450 	   208 	     2 	   193 	     4 
   451 	   194 	     2 	   195 	     4 
   452 	   195 	     2 	   196 	     4 
   453 	   196 	     2 	   197 	     4 
   454 	   197 	     2 	   198 	     4 
   455 	   198 	     2 	   199 	     4 
   456 	   199 	     2 	   200 	     4 
   457 	   200 	     2 	   201 	     4 
   458 	   201 	     2 	   202 	     4 
   459 	   202 	     2 	   203 	     4 
   460 	   203 	     2 	   204 	     4 
   461 	   204 	     2 	   205 	     4 
   462 	   205 	     2 	   206 	     4 
   463 	   206 	     2 	   207 	     4 
   464 	   207 	     2 	   208 	     4 
   465 	   209 	     2 	   210 	     4 
   466 	   224 	     2 	   209 	     4 
   467 	   210 	     2 	   211 	     4 
   468 	   211 	     2 	   212 	     4 
   469 	   212 	     2 	   213 	     4 
   470 	   213 	     2 	   214 	     4 
   471 	   214 	     2 	   215 	     4 
   472 	   215 	     2 	   216 	     4 
   473 	   216 	     2 	   217 	     4 
   474 	   217 	     2 	   218 	     4 
   475 	   218 	     2 	   219 	     4 
   476 	   219 	     2 	   220 	     4 
   477 	   220 	     2 	   221 	     4 
   478 	   221 	     2 	   222 	     4 
   479 	   222 	     2 	   223 	     4 
   480 	   223 	     2 	   224 	     4 
   481 	   225 	     2 	   226 	     4 
   482 	   240 	     2 	   225 	     4 
   483 	   226 	     2 	   227 	     4 
   484 	   227 	     2 	   228 	     4 
   485 	   228 	     2 	   229 	     4 
   486 	   229 	     2 	   230 	     4 
   487 	   230 	     2 	   231 	     4 
   488 	   231 	     2 	   232 	     4 
   489 	   232 	     2 	   233 	     4 
   490 	   233 	     2 	   234 	     4 
   491 	   234 	     2 	   235 	     4 
   492 	   235 	     2 	   236 	     4 
   493 	   236 	     2 	   237 	     4 
   494 	   237 	     2 	   238 	     4 
   495 	   238 	     2 	   239 	     4 
   496 	   239 	     2 	   240 	     4 
   497 	   241 	     2 	   242 	     4 
   498 	   256 	     2 	   241 	     4 
   499 	   242 	     2 	   243 	     4 
   500 	   243 	     2 	   244 	     4 
   501 	   244 	     2 	   245 	     4 
   502 	   245 	     2 	   246 	     4 
   503 	   246 	     2 	   247 	     4 
   504 	   247 	     2 	   248 	     4 
   505 	   248 	     2 	   249 	     4 
   506 	   249 	     2 	   250 	     4 
   507 	   250 	     2 	   251 	     4 
   508 	   251 	     2 	   252 	     4 
   509 	   252 	     2 	   253 	     4 
   510 	   253 	     2 	   254 	     4 
   511 	   254 	     2 	   255 	     4 
   512 	   255 	     2 	   256 	     4 
------------------------------------ 
    0 	  !Number of outer edge 
    0 	  !Number of outer edge 1 
    0 	  !Number of outer edge 2 
    0 	  !Number of outer edge 3 
    0 	  !Number of outer edge 4 
------------------------------------ 
------------------------------------ 
