========= Input edge Parameters ========= 
  544 	  !Number of global edge 
------------------------------------ 
    1    17     1     1     3
    2    18     1     2     3
    3    19     1     3     3
    4    20     1     4     3
    5    21     1     5     3
    6    22     1     6     3
    7    23     1     7     3
    8    24     1     8     3
    9    25     1     9     3
   10    26     1    10     3
   11    27     1    11     3
   12    28     1    12     3
   13    29     1    13     3
   14    30     1    14     3
   15    31     1    15     3
   16    32     1    16     3
   17    33     1    17     3
   18    34     1    18     3
   19    35     1    19     3
   20    36     1    20     3
   21    37     1    21     3
   22    38     1    22     3
   23    39     1    23     3
   24    40     1    24     3
   25    41     1    25     3
   26    42     1    26     3
   27    43     1    27     3
   28    44     1    28     3
   29    45     1    29     3
   30    46     1    30     3
   31    47     1    31     3
   32    48     1    32     3
   33    49     1    33     3
   34    50     1    34     3
   35    51     1    35     3
   36    52     1    36     3
   37    53     1    37     3
   38    54     1    38     3
   39    55     1    39     3
   40    56     1    40     3
   41    57     1    41     3
   42    58     1    42     3
   43    59     1    43     3
   44    60     1    44     3
   45    61     1    45     3
   46    62     1    46     3
   47    63     1    47     3
   48    64     1    48     3
   49    65     1    49     3
   50    66     1    50     3
   51    67     1    51     3
   52    68     1    52     3
   53    69     1    53     3
   54    70     1    54     3
   55    71     1    55     3
   56    72     1    56     3
   57    73     1    57     3
   58    74     1    58     3
   59    75     1    59     3
   60    76     1    60     3
   61    77     1    61     3
   62    78     1    62     3
   63    79     1    63     3
   64    80     1    64     3
   65    81     1    65     3
   66    82     1    66     3
   67    83     1    67     3
   68    84     1    68     3
   69    85     1    69     3
   70    86     1    70     3
   71    87     1    71     3
   72    88     1    72     3
   73    89     1    73     3
   74    90     1    74     3
   75    91     1    75     3
   76    92     1    76     3
   77    93     1    77     3
   78    94     1    78     3
   79    95     1    79     3
   80    96     1    80     3
   81    97     1    81     3
   82    98     1    82     3
   83    99     1    83     3
   84   100     1    84     3
   85   101     1    85     3
   86   102     1    86     3
   87   103     1    87     3
   88   104     1    88     3
   89   105     1    89     3
   90   106     1    90     3
   91   107     1    91     3
   92   108     1    92     3
   93   109     1    93     3
   94   110     1    94     3
   95   111     1    95     3
   96   112     1    96     3
   97   113     1    97     3
   98   114     1    98     3
   99   115     1    99     3
  100   116     1   100     3
  101   117     1   101     3
  102   118     1   102     3
  103   119     1   103     3
  104   120     1   104     3
  105   121     1   105     3
  106   122     1   106     3
  107   123     1   107     3
  108   124     1   108     3
  109   125     1   109     3
  110   126     1   110     3
  111   127     1   111     3
  112   128     1   112     3
  113   129     1   113     3
  114   130     1   114     3
  115   131     1   115     3
  116   132     1   116     3
  117   133     1   117     3
  118   134     1   118     3
  119   135     1   119     3
  120   136     1   120     3
  121   137     1   121     3
  122   138     1   122     3
  123   139     1   123     3
  124   140     1   124     3
  125   141     1   125     3
  126   142     1   126     3
  127   143     1   127     3
  128   144     1   128     3
  129   145     1   129     3
  130   146     1   130     3
  131   147     1   131     3
  132   148     1   132     3
  133   149     1   133     3
  134   150     1   134     3
  135   151     1   135     3
  136   152     1   136     3
  137   153     1   137     3
  138   154     1   138     3
  139   155     1   139     3
  140   156     1   140     3
  141   157     1   141     3
  142   158     1   142     3
  143   159     1   143     3
  144   160     1   144     3
  145   161     1   145     3
  146   162     1   146     3
  147   163     1   147     3
  148   164     1   148     3
  149   165     1   149     3
  150   166     1   150     3
  151   167     1   151     3
  152   168     1   152     3
  153   169     1   153     3
  154   170     1   154     3
  155   171     1   155     3
  156   172     1   156     3
  157   173     1   157     3
  158   174     1   158     3
  159   175     1   159     3
  160   176     1   160     3
  161   177     1   161     3
  162   178     1   162     3
  163   179     1   163     3
  164   180     1   164     3
  165   181     1   165     3
  166   182     1   166     3
  167   183     1   167     3
  168   184     1   168     3
  169   185     1   169     3
  170   186     1   170     3
  171   187     1   171     3
  172   188     1   172     3
  173   189     1   173     3
  174   190     1   174     3
  175   191     1   175     3
  176   192     1   176     3
  177   193     1   177     3
  178   194     1   178     3
  179   195     1   179     3
  180   196     1   180     3
  181   197     1   181     3
  182   198     1   182     3
  183   199     1   183     3
  184   200     1   184     3
  185   201     1   185     3
  186   202     1   186     3
  187   203     1   187     3
  188   204     1   188     3
  189   205     1   189     3
  190   206     1   190     3
  191   207     1   191     3
  192   208     1   192     3
  193   209     1   193     3
  194   210     1   194     3
  195   211     1   195     3
  196   212     1   196     3
  197   213     1   197     3
  198   214     1   198     3
  199   215     1   199     3
  200   216     1   200     3
  201   217     1   201     3
  202   218     1   202     3
  203   219     1   203     3
  204   220     1   204     3
  205   221     1   205     3
  206   222     1   206     3
  207   223     1   207     3
  208   224     1   208     3
  209   225     1   209     3
  210   226     1   210     3
  211   227     1   211     3
  212   228     1   212     3
  213   229     1   213     3
  214   230     1   214     3
  215   231     1   215     3
  216   232     1   216     3
  217   233     1   217     3
  218   234     1   218     3
  219   235     1   219     3
  220   236     1   220     3
  221   237     1   221     3
  222   238     1   222     3
  223   239     1   223     3
  224   240     1   224     3
  225   241     1   225     3
  226   242     1   226     3
  227   243     1   227     3
  228   244     1   228     3
  229   245     1   229     3
  230   246     1   230     3
  231   247     1   231     3
  232   248     1   232     3
  233   249     1   233     3
  234   250     1   234     3
  235   251     1   235     3
  236   252     1   236     3
  237   253     1   237     3
  238   254     1   238     3
  239   255     1   239     3
  240   256     1   240     3
  241     1     2     2     4
  242     2     2     3     4
  243     3     2     4     4
  244     4     2     5     4
  245     5     2     6     4
  246     6     2     7     4
  247     7     2     8     4
  248     8     2     9     4
  249     9     2    10     4
  250    10     2    11     4
  251    11     2    12     4
  252    12     2    13     4
  253    13     2    14     4
  254    14     2    15     4
  255    15     2    16     4
  256    17     2    18     4
  257    18     2    19     4
  258    19     2    20     4
  259    20     2    21     4
  260    21     2    22     4
  261    22     2    23     4
  262    23     2    24     4
  263    24     2    25     4
  264    25     2    26     4
  265    26     2    27     4
  266    27     2    28     4
  267    28     2    29     4
  268    29     2    30     4
  269    30     2    31     4
  270    31     2    32     4
  271    33     2    34     4
  272    34     2    35     4
  273    35     2    36     4
  274    36     2    37     4
  275    37     2    38     4
  276    38     2    39     4
  277    39     2    40     4
  278    40     2    41     4
  279    41     2    42     4
  280    42     2    43     4
  281    43     2    44     4
  282    44     2    45     4
  283    45     2    46     4
  284    46     2    47     4
  285    47     2    48     4
  286    49     2    50     4
  287    50     2    51     4
  288    51     2    52     4
  289    52     2    53     4
  290    53     2    54     4
  291    54     2    55     4
  292    55     2    56     4
  293    56     2    57     4
  294    57     2    58     4
  295    58     2    59     4
  296    59     2    60     4
  297    60     2    61     4
  298    61     2    62     4
  299    62     2    63     4
  300    63     2    64     4
  301    65     2    66     4
  302    66     2    67     4
  303    67     2    68     4
  304    68     2    69     4
  305    69     2    70     4
  306    70     2    71     4
  307    71     2    72     4
  308    72     2    73     4
  309    73     2    74     4
  310    74     2    75     4
  311    75     2    76     4
  312    76     2    77     4
  313    77     2    78     4
  314    78     2    79     4
  315    79     2    80     4
  316    81     2    82     4
  317    82     2    83     4
  318    83     2    84     4
  319    84     2    85     4
  320    85     2    86     4
  321    86     2    87     4
  322    87     2    88     4
  323    88     2    89     4
  324    89     2    90     4
  325    90     2    91     4
  326    91     2    92     4
  327    92     2    93     4
  328    93     2    94     4
  329    94     2    95     4
  330    95     2    96     4
  331    97     2    98     4
  332    98     2    99     4
  333    99     2   100     4
  334   100     2   101     4
  335   101     2   102     4
  336   102     2   103     4
  337   103     2   104     4
  338   104     2   105     4
  339   105     2   106     4
  340   106     2   107     4
  341   107     2   108     4
  342   108     2   109     4
  343   109     2   110     4
  344   110     2   111     4
  345   111     2   112     4
  346   113     2   114     4
  347   114     2   115     4
  348   115     2   116     4
  349   116     2   117     4
  350   117     2   118     4
  351   118     2   119     4
  352   119     2   120     4
  353   120     2   121     4
  354   121     2   122     4
  355   122     2   123     4
  356   123     2   124     4
  357   124     2   125     4
  358   125     2   126     4
  359   126     2   127     4
  360   127     2   128     4
  361   129     2   130     4
  362   130     2   131     4
  363   131     2   132     4
  364   132     2   133     4
  365   133     2   134     4
  366   134     2   135     4
  367   135     2   136     4
  368   136     2   137     4
  369   137     2   138     4
  370   138     2   139     4
  371   139     2   140     4
  372   140     2   141     4
  373   141     2   142     4
  374   142     2   143     4
  375   143     2   144     4
  376   145     2   146     4
  377   146     2   147     4
  378   147     2   148     4
  379   148     2   149     4
  380   149     2   150     4
  381   150     2   151     4
  382   151     2   152     4
  383   152     2   153     4
  384   153     2   154     4
  385   154     2   155     4
  386   155     2   156     4
  387   156     2   157     4
  388   157     2   158     4
  389   158     2   159     4
  390   159     2   160     4
  391   161     2   162     4
  392   162     2   163     4
  393   163     2   164     4
  394   164     2   165     4
  395   165     2   166     4
  396   166     2   167     4
  397   167     2   168     4
  398   168     2   169     4
  399   169     2   170     4
  400   170     2   171     4
  401   171     2   172     4
  402   172     2   173     4
  403   173     2   174     4
  404   174     2   175     4
  405   175     2   176     4
  406   177     2   178     4
  407   178     2   179     4
  408   179     2   180     4
  409   180     2   181     4
  410   181     2   182     4
  411   182     2   183     4
  412   183     2   184     4
  413   184     2   185     4
  414   185     2   186     4
  415   186     2   187     4
  416   187     2   188     4
  417   188     2   189     4
  418   189     2   190     4
  419   190     2   191     4
  420   191     2   192     4
  421   193     2   194     4
  422   194     2   195     4
  423   195     2   196     4
  424   196     2   197     4
  425   197     2   198     4
  426   198     2   199     4
  427   199     2   200     4
  428   200     2   201     4
  429   201     2   202     4
  430   202     2   203     4
  431   203     2   204     4
  432   204     2   205     4
  433   205     2   206     4
  434   206     2   207     4
  435   207     2   208     4
  436   209     2   210     4
  437   210     2   211     4
  438   211     2   212     4
  439   212     2   213     4
  440   213     2   214     4
  441   214     2   215     4
  442   215     2   216     4
  443   216     2   217     4
  444   217     2   218     4
  445   218     2   219     4
  446   219     2   220     4
  447   220     2   221     4
  448   221     2   222     4
  449   222     2   223     4
  450   223     2   224     4
  451   225     2   226     4
  452   226     2   227     4
  453   227     2   228     4
  454   228     2   229     4
  455   229     2   230     4
  456   230     2   231     4
  457   231     2   232     4
  458   232     2   233     4
  459   233     2   234     4
  460   234     2   235     4
  461   235     2   236     4
  462   236     2   237     4
  463   237     2   238     4
  464   238     2   239     4
  465   239     2   240     4
  466   241     2   242     4
  467   242     2   243     4
  468   243     2   244     4
  469   244     2   245     4
  470   245     2   246     4
  471   246     2   247     4
  472   247     2   248     4
  473   248     2   249     4
  474   249     2   250     4
  475   250     2   251     4
  476   251     2   252     4
  477   252     2   253     4
  478   253     2   254     4
  479   254     2   255     4
  480   255     2   256     4
  481     1     1    -1     3
  482     2     1    -1     3
  483     3     1    -1     3
  484     4     1    -1     3
  485     5     1    -1     3
  486     6     1    -1     3
  487     7     1    -1     3
  488     8     1    -1     3
  489     9     1    -1     3
  490    10     1    -1     3
  491    11     1    -1     3
  492    12     1    -1     3
  493    13     1    -1     3
  494    14     1    -1     3
  495    15     1    -1     3
  496    16     1    -1     3
  497    16     2    -2     4
  498    32     2    -2     4
  499    48     2    -2     4
  500    64     2    -2     4
  501    80     2    -2     4
  502    96     2    -2     4
  503   112     2    -2     4
  504   128     2    -2     4
  505   144     2    -2     4
  506   160     2    -2     4
  507   176     2    -2     4
  508   192     2    -2     4
  509   208     2    -2     4
  510   224     2    -2     4
  511   240     2    -2     4
  512   256     2    -2     4
  513   241     3    -3     1
  514   242     3    -3     1
  515   243     3    -3     1
  516   244     3    -3     1
  517   245     3    -3     1
  518   246     3    -3     1
  519   247     3    -3     1
  520   248     3    -3     1
  521   249     3    -3     1
  522   250     3    -3     1
  523   251     3    -3     1
  524   252     3    -3     1
  525   253     3    -3     1
  526   254     3    -3     1
  527   255     3    -3     1
  528   256     3    -3     1
  529     1     4    -4     2
  530    17     4    -4     2
  531    33     4    -4     2
  532    49     4    -4     2
  533    65     4    -4     2
  534    81     4    -4     2
  535    97     4    -4     2
  536   113     4    -4     2
  537   129     4    -4     2
  538   145     4    -4     2
  539   161     4    -4     2
  540   177     4    -4     2
  541   193     4    -4     2
  542   209     4    -4     2
  543   225     4    -4     2
  544   241     4    -4     2
------------------------------------ 
  480 	  !Number of interior edge 
  240 	  !Number of interior edge 1 
  240 	  !Number of interior edge 2 
------------------------------------ 
     1 	    17 	     1 	     1 	     3 
     2 	    18 	     1 	     2 	     3 
     3 	    19 	     1 	     3 	     3 
     4 	    20 	     1 	     4 	     3 
     5 	    21 	     1 	     5 	     3 
     6 	    22 	     1 	     6 	     3 
     7 	    23 	     1 	     7 	     3 
     8 	    24 	     1 	     8 	     3 
     9 	    25 	     1 	     9 	     3 
    10 	    26 	     1 	    10 	     3 
    11 	    27 	     1 	    11 	     3 
    12 	    28 	     1 	    12 	     3 
    13 	    29 	     1 	    13 	     3 
    14 	    30 	     1 	    14 	     3 
    15 	    31 	     1 	    15 	     3 
    16 	    32 	     1 	    16 	     3 
    17 	    33 	     1 	    17 	     3 
    18 	    34 	     1 	    18 	     3 
    19 	    35 	     1 	    19 	     3 
    20 	    36 	     1 	    20 	     3 
    21 	    37 	     1 	    21 	     3 
    22 	    38 	     1 	    22 	     3 
    23 	    39 	     1 	    23 	     3 
    24 	    40 	     1 	    24 	     3 
    25 	    41 	     1 	    25 	     3 
    26 	    42 	     1 	    26 	     3 
    27 	    43 	     1 	    27 	     3 
    28 	    44 	     1 	    28 	     3 
    29 	    45 	     1 	    29 	     3 
    30 	    46 	     1 	    30 	     3 
    31 	    47 	     1 	    31 	     3 
    32 	    48 	     1 	    32 	     3 
    33 	    49 	     1 	    33 	     3 
    34 	    50 	     1 	    34 	     3 
    35 	    51 	     1 	    35 	     3 
    36 	    52 	     1 	    36 	     3 
    37 	    53 	     1 	    37 	     3 
    38 	    54 	     1 	    38 	     3 
    39 	    55 	     1 	    39 	     3 
    40 	    56 	     1 	    40 	     3 
    41 	    57 	     1 	    41 	     3 
    42 	    58 	     1 	    42 	     3 
    43 	    59 	     1 	    43 	     3 
    44 	    60 	     1 	    44 	     3 
    45 	    61 	     1 	    45 	     3 
    46 	    62 	     1 	    46 	     3 
    47 	    63 	     1 	    47 	     3 
    48 	    64 	     1 	    48 	     3 
    49 	    65 	     1 	    49 	     3 
    50 	    66 	     1 	    50 	     3 
    51 	    67 	     1 	    51 	     3 
    52 	    68 	     1 	    52 	     3 
    53 	    69 	     1 	    53 	     3 
    54 	    70 	     1 	    54 	     3 
    55 	    71 	     1 	    55 	     3 
    56 	    72 	     1 	    56 	     3 
    57 	    73 	     1 	    57 	     3 
    58 	    74 	     1 	    58 	     3 
    59 	    75 	     1 	    59 	     3 
    60 	    76 	     1 	    60 	     3 
    61 	    77 	     1 	    61 	     3 
    62 	    78 	     1 	    62 	     3 
    63 	    79 	     1 	    63 	     3 
    64 	    80 	     1 	    64 	     3 
    65 	    81 	     1 	    65 	     3 
    66 	    82 	     1 	    66 	     3 
    67 	    83 	     1 	    67 	     3 
    68 	    84 	     1 	    68 	     3 
    69 	    85 	     1 	    69 	     3 
    70 	    86 	     1 	    70 	     3 
    71 	    87 	     1 	    71 	     3 
    72 	    88 	     1 	    72 	     3 
    73 	    89 	     1 	    73 	     3 
    74 	    90 	     1 	    74 	     3 
    75 	    91 	     1 	    75 	     3 
    76 	    92 	     1 	    76 	     3 
    77 	    93 	     1 	    77 	     3 
    78 	    94 	     1 	    78 	     3 
    79 	    95 	     1 	    79 	     3 
    80 	    96 	     1 	    80 	     3 
    81 	    97 	     1 	    81 	     3 
    82 	    98 	     1 	    82 	     3 
    83 	    99 	     1 	    83 	     3 
    84 	   100 	     1 	    84 	     3 
    85 	   101 	     1 	    85 	     3 
    86 	   102 	     1 	    86 	     3 
    87 	   103 	     1 	    87 	     3 
    88 	   104 	     1 	    88 	     3 
    89 	   105 	     1 	    89 	     3 
    90 	   106 	     1 	    90 	     3 
    91 	   107 	     1 	    91 	     3 
    92 	   108 	     1 	    92 	     3 
    93 	   109 	     1 	    93 	     3 
    94 	   110 	     1 	    94 	     3 
    95 	   111 	     1 	    95 	     3 
    96 	   112 	     1 	    96 	     3 
    97 	   113 	     1 	    97 	     3 
    98 	   114 	     1 	    98 	     3 
    99 	   115 	     1 	    99 	     3 
   100 	   116 	     1 	   100 	     3 
   101 	   117 	     1 	   101 	     3 
   102 	   118 	     1 	   102 	     3 
   103 	   119 	     1 	   103 	     3 
   104 	   120 	     1 	   104 	     3 
   105 	   121 	     1 	   105 	     3 
   106 	   122 	     1 	   106 	     3 
   107 	   123 	     1 	   107 	     3 
   108 	   124 	     1 	   108 	     3 
   109 	   125 	     1 	   109 	     3 
   110 	   126 	     1 	   110 	     3 
   111 	   127 	     1 	   111 	     3 
   112 	   128 	     1 	   112 	     3 
   113 	   129 	     1 	   113 	     3 
   114 	   130 	     1 	   114 	     3 
   115 	   131 	     1 	   115 	     3 
   116 	   132 	     1 	   116 	     3 
   117 	   133 	     1 	   117 	     3 
   118 	   134 	     1 	   118 	     3 
   119 	   135 	     1 	   119 	     3 
   120 	   136 	     1 	   120 	     3 
   121 	   137 	     1 	   121 	     3 
   122 	   138 	     1 	   122 	     3 
   123 	   139 	     1 	   123 	     3 
   124 	   140 	     1 	   124 	     3 
   125 	   141 	     1 	   125 	     3 
   126 	   142 	     1 	   126 	     3 
   127 	   143 	     1 	   127 	     3 
   128 	   144 	     1 	   128 	     3 
   129 	   145 	     1 	   129 	     3 
   130 	   146 	     1 	   130 	     3 
   131 	   147 	     1 	   131 	     3 
   132 	   148 	     1 	   132 	     3 
   133 	   149 	     1 	   133 	     3 
   134 	   150 	     1 	   134 	     3 
   135 	   151 	     1 	   135 	     3 
   136 	   152 	     1 	   136 	     3 
   137 	   153 	     1 	   137 	     3 
   138 	   154 	     1 	   138 	     3 
   139 	   155 	     1 	   139 	     3 
   140 	   156 	     1 	   140 	     3 
   141 	   157 	     1 	   141 	     3 
   142 	   158 	     1 	   142 	     3 
   143 	   159 	     1 	   143 	     3 
   144 	   160 	     1 	   144 	     3 
   145 	   161 	     1 	   145 	     3 
   146 	   162 	     1 	   146 	     3 
   147 	   163 	     1 	   147 	     3 
   148 	   164 	     1 	   148 	     3 
   149 	   165 	     1 	   149 	     3 
   150 	   166 	     1 	   150 	     3 
   151 	   167 	     1 	   151 	     3 
   152 	   168 	     1 	   152 	     3 
   153 	   169 	     1 	   153 	     3 
   154 	   170 	     1 	   154 	     3 
   155 	   171 	     1 	   155 	     3 
   156 	   172 	     1 	   156 	     3 
   157 	   173 	     1 	   157 	     3 
   158 	   174 	     1 	   158 	     3 
   159 	   175 	     1 	   159 	     3 
   160 	   176 	     1 	   160 	     3 
   161 	   177 	     1 	   161 	     3 
   162 	   178 	     1 	   162 	     3 
   163 	   179 	     1 	   163 	     3 
   164 	   180 	     1 	   164 	     3 
   165 	   181 	     1 	   165 	     3 
   166 	   182 	     1 	   166 	     3 
   167 	   183 	     1 	   167 	     3 
   168 	   184 	     1 	   168 	     3 
   169 	   185 	     1 	   169 	     3 
   170 	   186 	     1 	   170 	     3 
   171 	   187 	     1 	   171 	     3 
   172 	   188 	     1 	   172 	     3 
   173 	   189 	     1 	   173 	     3 
   174 	   190 	     1 	   174 	     3 
   175 	   191 	     1 	   175 	     3 
   176 	   192 	     1 	   176 	     3 
   177 	   193 	     1 	   177 	     3 
   178 	   194 	     1 	   178 	     3 
   179 	   195 	     1 	   179 	     3 
   180 	   196 	     1 	   180 	     3 
   181 	   197 	     1 	   181 	     3 
   182 	   198 	     1 	   182 	     3 
   183 	   199 	     1 	   183 	     3 
   184 	   200 	     1 	   184 	     3 
   185 	   201 	     1 	   185 	     3 
   186 	   202 	     1 	   186 	     3 
   187 	   203 	     1 	   187 	     3 
   188 	   204 	     1 	   188 	     3 
   189 	   205 	     1 	   189 	     3 
   190 	   206 	     1 	   190 	     3 
   191 	   207 	     1 	   191 	     3 
   192 	   208 	     1 	   192 	     3 
   193 	   209 	     1 	   193 	     3 
   194 	   210 	     1 	   194 	     3 
   195 	   211 	     1 	   195 	     3 
   196 	   212 	     1 	   196 	     3 
   197 	   213 	     1 	   197 	     3 
   198 	   214 	     1 	   198 	     3 
   199 	   215 	     1 	   199 	     3 
   200 	   216 	     1 	   200 	     3 
   201 	   217 	     1 	   201 	     3 
   202 	   218 	     1 	   202 	     3 
   203 	   219 	     1 	   203 	     3 
   204 	   220 	     1 	   204 	     3 
   205 	   221 	     1 	   205 	     3 
   206 	   222 	     1 	   206 	     3 
   207 	   223 	     1 	   207 	     3 
   208 	   224 	     1 	   208 	     3 
   209 	   225 	     1 	   209 	     3 
   210 	   226 	     1 	   210 	     3 
   211 	   227 	     1 	   211 	     3 
   212 	   228 	     1 	   212 	     3 
   213 	   229 	     1 	   213 	     3 
   214 	   230 	     1 	   214 	     3 
   215 	   231 	     1 	   215 	     3 
   216 	   232 	     1 	   216 	     3 
   217 	   233 	     1 	   217 	     3 
   218 	   234 	     1 	   218 	     3 
   219 	   235 	     1 	   219 	     3 
   220 	   236 	     1 	   220 	     3 
   221 	   237 	     1 	   221 	     3 
   222 	   238 	     1 	   222 	     3 
   223 	   239 	     1 	   223 	     3 
   224 	   240 	     1 	   224 	     3 
   225 	   241 	     1 	   225 	     3 
   226 	   242 	     1 	   226 	     3 
   227 	   243 	     1 	   227 	     3 
   228 	   244 	     1 	   228 	     3 
   229 	   245 	     1 	   229 	     3 
   230 	   246 	     1 	   230 	     3 
   231 	   247 	     1 	   231 	     3 
   232 	   248 	     1 	   232 	     3 
   233 	   249 	     1 	   233 	     3 
   234 	   250 	     1 	   234 	     3 
   235 	   251 	     1 	   235 	     3 
   236 	   252 	     1 	   236 	     3 
   237 	   253 	     1 	   237 	     3 
   238 	   254 	     1 	   238 	     3 
   239 	   255 	     1 	   239 	     3 
   240 	   256 	     1 	   240 	     3 
   241 	     1 	     2 	     2 	     4 
   242 	     2 	     2 	     3 	     4 
   243 	     3 	     2 	     4 	     4 
   244 	     4 	     2 	     5 	     4 
   245 	     5 	     2 	     6 	     4 
   246 	     6 	     2 	     7 	     4 
   247 	     7 	     2 	     8 	     4 
   248 	     8 	     2 	     9 	     4 
   249 	     9 	     2 	    10 	     4 
   250 	    10 	     2 	    11 	     4 
   251 	    11 	     2 	    12 	     4 
   252 	    12 	     2 	    13 	     4 
   253 	    13 	     2 	    14 	     4 
   254 	    14 	     2 	    15 	     4 
   255 	    15 	     2 	    16 	     4 
   256 	    17 	     2 	    18 	     4 
   257 	    18 	     2 	    19 	     4 
   258 	    19 	     2 	    20 	     4 
   259 	    20 	     2 	    21 	     4 
   260 	    21 	     2 	    22 	     4 
   261 	    22 	     2 	    23 	     4 
   262 	    23 	     2 	    24 	     4 
   263 	    24 	     2 	    25 	     4 
   264 	    25 	     2 	    26 	     4 
   265 	    26 	     2 	    27 	     4 
   266 	    27 	     2 	    28 	     4 
   267 	    28 	     2 	    29 	     4 
   268 	    29 	     2 	    30 	     4 
   269 	    30 	     2 	    31 	     4 
   270 	    31 	     2 	    32 	     4 
   271 	    33 	     2 	    34 	     4 
   272 	    34 	     2 	    35 	     4 
   273 	    35 	     2 	    36 	     4 
   274 	    36 	     2 	    37 	     4 
   275 	    37 	     2 	    38 	     4 
   276 	    38 	     2 	    39 	     4 
   277 	    39 	     2 	    40 	     4 
   278 	    40 	     2 	    41 	     4 
   279 	    41 	     2 	    42 	     4 
   280 	    42 	     2 	    43 	     4 
   281 	    43 	     2 	    44 	     4 
   282 	    44 	     2 	    45 	     4 
   283 	    45 	     2 	    46 	     4 
   284 	    46 	     2 	    47 	     4 
   285 	    47 	     2 	    48 	     4 
   286 	    49 	     2 	    50 	     4 
   287 	    50 	     2 	    51 	     4 
   288 	    51 	     2 	    52 	     4 
   289 	    52 	     2 	    53 	     4 
   290 	    53 	     2 	    54 	     4 
   291 	    54 	     2 	    55 	     4 
   292 	    55 	     2 	    56 	     4 
   293 	    56 	     2 	    57 	     4 
   294 	    57 	     2 	    58 	     4 
   295 	    58 	     2 	    59 	     4 
   296 	    59 	     2 	    60 	     4 
   297 	    60 	     2 	    61 	     4 
   298 	    61 	     2 	    62 	     4 
   299 	    62 	     2 	    63 	     4 
   300 	    63 	     2 	    64 	     4 
   301 	    65 	     2 	    66 	     4 
   302 	    66 	     2 	    67 	     4 
   303 	    67 	     2 	    68 	     4 
   304 	    68 	     2 	    69 	     4 
   305 	    69 	     2 	    70 	     4 
   306 	    70 	     2 	    71 	     4 
   307 	    71 	     2 	    72 	     4 
   308 	    72 	     2 	    73 	     4 
   309 	    73 	     2 	    74 	     4 
   310 	    74 	     2 	    75 	     4 
   311 	    75 	     2 	    76 	     4 
   312 	    76 	     2 	    77 	     4 
   313 	    77 	     2 	    78 	     4 
   314 	    78 	     2 	    79 	     4 
   315 	    79 	     2 	    80 	     4 
   316 	    81 	     2 	    82 	     4 
   317 	    82 	     2 	    83 	     4 
   318 	    83 	     2 	    84 	     4 
   319 	    84 	     2 	    85 	     4 
   320 	    85 	     2 	    86 	     4 
   321 	    86 	     2 	    87 	     4 
   322 	    87 	     2 	    88 	     4 
   323 	    88 	     2 	    89 	     4 
   324 	    89 	     2 	    90 	     4 
   325 	    90 	     2 	    91 	     4 
   326 	    91 	     2 	    92 	     4 
   327 	    92 	     2 	    93 	     4 
   328 	    93 	     2 	    94 	     4 
   329 	    94 	     2 	    95 	     4 
   330 	    95 	     2 	    96 	     4 
   331 	    97 	     2 	    98 	     4 
   332 	    98 	     2 	    99 	     4 
   333 	    99 	     2 	   100 	     4 
   334 	   100 	     2 	   101 	     4 
   335 	   101 	     2 	   102 	     4 
   336 	   102 	     2 	   103 	     4 
   337 	   103 	     2 	   104 	     4 
   338 	   104 	     2 	   105 	     4 
   339 	   105 	     2 	   106 	     4 
   340 	   106 	     2 	   107 	     4 
   341 	   107 	     2 	   108 	     4 
   342 	   108 	     2 	   109 	     4 
   343 	   109 	     2 	   110 	     4 
   344 	   110 	     2 	   111 	     4 
   345 	   111 	     2 	   112 	     4 
   346 	   113 	     2 	   114 	     4 
   347 	   114 	     2 	   115 	     4 
   348 	   115 	     2 	   116 	     4 
   349 	   116 	     2 	   117 	     4 
   350 	   117 	     2 	   118 	     4 
   351 	   118 	     2 	   119 	     4 
   352 	   119 	     2 	   120 	     4 
   353 	   120 	     2 	   121 	     4 
   354 	   121 	     2 	   122 	     4 
   355 	   122 	     2 	   123 	     4 
   356 	   123 	     2 	   124 	     4 
   357 	   124 	     2 	   125 	     4 
   358 	   125 	     2 	   126 	     4 
   359 	   126 	     2 	   127 	     4 
   360 	   127 	     2 	   128 	     4 
   361 	   129 	     2 	   130 	     4 
   362 	   130 	     2 	   131 	     4 
   363 	   131 	     2 	   132 	     4 
   364 	   132 	     2 	   133 	     4 
   365 	   133 	     2 	   134 	     4 
   366 	   134 	     2 	   135 	     4 
   367 	   135 	     2 	   136 	     4 
   368 	   136 	     2 	   137 	     4 
   369 	   137 	     2 	   138 	     4 
   370 	   138 	     2 	   139 	     4 
   371 	   139 	     2 	   140 	     4 
   372 	   140 	     2 	   141 	     4 
   373 	   141 	     2 	   142 	     4 
   374 	   142 	     2 	   143 	     4 
   375 	   143 	     2 	   144 	     4 
   376 	   145 	     2 	   146 	     4 
   377 	   146 	     2 	   147 	     4 
   378 	   147 	     2 	   148 	     4 
   379 	   148 	     2 	   149 	     4 
   380 	   149 	     2 	   150 	     4 
   381 	   150 	     2 	   151 	     4 
   382 	   151 	     2 	   152 	     4 
   383 	   152 	     2 	   153 	     4 
   384 	   153 	     2 	   154 	     4 
   385 	   154 	     2 	   155 	     4 
   386 	   155 	     2 	   156 	     4 
   387 	   156 	     2 	   157 	     4 
   388 	   157 	     2 	   158 	     4 
   389 	   158 	     2 	   159 	     4 
   390 	   159 	     2 	   160 	     4 
   391 	   161 	     2 	   162 	     4 
   392 	   162 	     2 	   163 	     4 
   393 	   163 	     2 	   164 	     4 
   394 	   164 	     2 	   165 	     4 
   395 	   165 	     2 	   166 	     4 
   396 	   166 	     2 	   167 	     4 
   397 	   167 	     2 	   168 	     4 
   398 	   168 	     2 	   169 	     4 
   399 	   169 	     2 	   170 	     4 
   400 	   170 	     2 	   171 	     4 
   401 	   171 	     2 	   172 	     4 
   402 	   172 	     2 	   173 	     4 
   403 	   173 	     2 	   174 	     4 
   404 	   174 	     2 	   175 	     4 
   405 	   175 	     2 	   176 	     4 
   406 	   177 	     2 	   178 	     4 
   407 	   178 	     2 	   179 	     4 
   408 	   179 	     2 	   180 	     4 
   409 	   180 	     2 	   181 	     4 
   410 	   181 	     2 	   182 	     4 
   411 	   182 	     2 	   183 	     4 
   412 	   183 	     2 	   184 	     4 
   413 	   184 	     2 	   185 	     4 
   414 	   185 	     2 	   186 	     4 
   415 	   186 	     2 	   187 	     4 
   416 	   187 	     2 	   188 	     4 
   417 	   188 	     2 	   189 	     4 
   418 	   189 	     2 	   190 	     4 
   419 	   190 	     2 	   191 	     4 
   420 	   191 	     2 	   192 	     4 
   421 	   193 	     2 	   194 	     4 
   422 	   194 	     2 	   195 	     4 
   423 	   195 	     2 	   196 	     4 
   424 	   196 	     2 	   197 	     4 
   425 	   197 	     2 	   198 	     4 
   426 	   198 	     2 	   199 	     4 
   427 	   199 	     2 	   200 	     4 
   428 	   200 	     2 	   201 	     4 
   429 	   201 	     2 	   202 	     4 
   430 	   202 	     2 	   203 	     4 
   431 	   203 	     2 	   204 	     4 
   432 	   204 	     2 	   205 	     4 
   433 	   205 	     2 	   206 	     4 
   434 	   206 	     2 	   207 	     4 
   435 	   207 	     2 	   208 	     4 
   436 	   209 	     2 	   210 	     4 
   437 	   210 	     2 	   211 	     4 
   438 	   211 	     2 	   212 	     4 
   439 	   212 	     2 	   213 	     4 
   440 	   213 	     2 	   214 	     4 
   441 	   214 	     2 	   215 	     4 
   442 	   215 	     2 	   216 	     4 
   443 	   216 	     2 	   217 	     4 
   444 	   217 	     2 	   218 	     4 
   445 	   218 	     2 	   219 	     4 
   446 	   219 	     2 	   220 	     4 
   447 	   220 	     2 	   221 	     4 
   448 	   221 	     2 	   222 	     4 
   449 	   222 	     2 	   223 	     4 
   450 	   223 	     2 	   224 	     4 
   451 	   225 	     2 	   226 	     4 
   452 	   226 	     2 	   227 	     4 
   453 	   227 	     2 	   228 	     4 
   454 	   228 	     2 	   229 	     4 
   455 	   229 	     2 	   230 	     4 
   456 	   230 	     2 	   231 	     4 
   457 	   231 	     2 	   232 	     4 
   458 	   232 	     2 	   233 	     4 
   459 	   233 	     2 	   234 	     4 
   460 	   234 	     2 	   235 	     4 
   461 	   235 	     2 	   236 	     4 
   462 	   236 	     2 	   237 	     4 
   463 	   237 	     2 	   238 	     4 
   464 	   238 	     2 	   239 	     4 
   465 	   239 	     2 	   240 	     4 
   466 	   241 	     2 	   242 	     4 
   467 	   242 	     2 	   243 	     4 
   468 	   243 	     2 	   244 	     4 
   469 	   244 	     2 	   245 	     4 
   470 	   245 	     2 	   246 	     4 
   471 	   246 	     2 	   247 	     4 
   472 	   247 	     2 	   248 	     4 
   473 	   248 	     2 	   249 	     4 
   474 	   249 	     2 	   250 	     4 
   475 	   250 	     2 	   251 	     4 
   476 	   251 	     2 	   252 	     4 
   477 	   252 	     2 	   253 	     4 
   478 	   253 	     2 	   254 	     4 
   479 	   254 	     2 	   255 	     4 
   480 	   255 	     2 	   256 	     4 
------------------------------------ 
   64 	  !Number of outer edge 
   16 	  !Number of outer edge 1 
   16 	  !Number of outer edge 2 
   16 	  !Number of outer edge 3 
   16 	  !Number of outer edge 4 
------------------------------------ 
  481     1     1    -1     3
  482     2     1    -1     3
  483     3     1    -1     3
  484     4     1    -1     3
  485     5     1    -1     3
  486     6     1    -1     3
  487     7     1    -1     3
  488     8     1    -1     3
  489     9     1    -1     3
  490    10     1    -1     3
  491    11     1    -1     3
  492    12     1    -1     3
  493    13     1    -1     3
  494    14     1    -1     3
  495    15     1    -1     3
  496    16     1    -1     3
  497    16     2    -2     4
  498    32     2    -2     4
  499    48     2    -2     4
  500    64     2    -2     4
  501    80     2    -2     4
  502    96     2    -2     4
  503   112     2    -2     4
  504   128     2    -2     4
  505   144     2    -2     4
  506   160     2    -2     4
  507   176     2    -2     4
  508   192     2    -2     4
  509   208     2    -2     4
  510   224     2    -2     4
  511   240     2    -2     4
  512   256     2    -2     4
  513   241     3    -3     1
  514   242     3    -3     1
  515   243     3    -3     1
  516   244     3    -3     1
  517   245     3    -3     1
  518   246     3    -3     1
  519   247     3    -3     1
  520   248     3    -3     1
  521   249     3    -3     1
  522   250     3    -3     1
  523   251     3    -3     1
  524   252     3    -3     1
  525   253     3    -3     1
  526   254     3    -3     1
  527   255     3    -3     1
  528   256     3    -3     1
  529     1     4    -4     2
  530    17     4    -4     2
  531    33     4    -4     2
  532    49     4    -4     2
  533    65     4    -4     2
  534    81     4    -4     2
  535    97     4    -4     2
  536   113     4    -4     2
  537   129     4    -4     2
  538   145     4    -4     2
  539   161     4    -4     2
  540   177     4    -4     2
  541   193     4    -4     2
  542   209     4    -4     2
  543   225     4    -4     2
  544   241     4    -4     2
------------------------------------ 
